2	2413
4	4537
5	1561
7	2299
7	4385
7	4390
9	162
9	760
9	1561
9	4642
9	4922
10	757
10	4440
12	757
12	2413
12	4440
13	4537
14	3072
17	408
17	649
17	1751
17	2369
17	2851
17	4323
19	148
19	431
19	655
19	832
19	2462
19	3696
19	4537
19	5100
20	1802
20	1807
20	2583
20	4537
21	1561
24	1271
24	3057
27	2413
27	4440
28	4537
29	4537
30	2413
30	4440
31	4537
32	4597
33	757
33	1852
35	4537
36	3083
36	4002
36	4385
36	4678
36	5604
37	45
37	442
37	1253
37	3272
37	3599
37	5029
37	5548
38	655
38	832
38	982
38	1330
38	1577
38	2719
38	3696
38	3859
38	4537
38	5100
38	5769
39	4723
39	5431
41	473
41	1561
41	4706
41	4742
41	4922
41	5716
42	420
42	1358
42	1737
42	1827
42	1952
42	2029
42	2863
42	2996
42	3186
42	3270
42	3428
42	4373
42	5475
42	5733
45	641
45	1677
45	3272
45	3599
45	4339
49	78
50	1807
50	4537
51	224
51	857
51	996
51	1571
51	1807
51	2032
51	2221
51	2953
51	3242
51	3646
51	4708
51	4945
51	5487
54	4933
54	5166
54	5209
54	5257
55	3782
57	1430
57	1571
57	1807
57	3217
57	4319
57	4718
57	5487
59	4537
60	3002
61	688
61	2137
61	3939
61	4537
61	4858
62	4792
63	2413
64	1890
64	2163
64	2285
64	2288
64	4443
64	4886
66	4192
66	4763
67	1974
68	5317
68	5402
69	1974
70	2765
71	2413
72	351
72	1241
72	2472
72	2922
72	4537
72	4660
72	4734
72	4969
72	5555
73	4537
76	2132
77	2413
77	4440
78	668
78	1067
78	2964
81	1561
81	4922
82	536
82	679
82	2785
82	4859
84	4537
86	4537
87	4537
88	1974
89	3943
91	4537
92	757
92	1693
92	2413
92	4217
92	4440
92	5380
94	155
94	1295
94	1511
94	1663
94	3902
96	4537
97	1430
97	1807
97	4422
97	4708
98	4537
100	4537
102	1957
102	2420
102	2576
102	2727
102	2997
102	4424
102	5031
102	5319
103	1066
103	1729
103	3578
104	5454
106	505
106	989
106	1892
106	2543
106	2822
106	3133
106	3492
106	3929
106	3931
106	5114
106	5369
106	5411
108	1610
108	2536
108	2636
108	3376
109	1561
109	2400
109	4706
110	1438
111	1963
111	4507
112	1037
112	1413
112	1523
112	1715
112	1852
112	2413
112	2632
112	2651
112	2877
112	4944
114	669
114	1035
114	1105
114	3881
115	4537
116	4537
117	4537
118	1054
118	4537
119	592
119	792
119	1967
119	2190
119	2284
119	3293
119	3545
119	3677
119	4094
119	5133
119	5273
119	5690
120	959
121	679
121	1082
121	2785
121	3691
121	5057
122	1974
123	1974
123	2684
123	5001
125	356
125	398
125	848
125	1032
125	1676
125	1811
125	3172
125	3441
125	3574
125	3654
125	4024
125	4199
125	4543
126	4537
127	1561
127	1958
127	4135
127	4922
129	206
129	226
129	571
129	1099
129	1927
129	2476
129	4444
129	5340
132	251
132	1871
132	1974
132	3067
132	3424
132	3484
132	3602
132	4297
132	5690
134	302
134	545
134	652
134	1269
134	1462
134	1531
134	1546
134	3297
134	3798
134	3829
134	3968
134	4177
134	4207
134	4393
134	4761
134	5245
134	5696
135	2413
138	1871
138	2684
138	3067
138	3424
138	4179
138	4807
138	5690
139	1957
139	2576
139	2997
139	4424
139	5031
139	5318
139	5319
141	1353
141	1807
141	1851
141	2054
141	2208
141	3217
141	3660
141	4537
141	4718
143	932
144	556
144	2362
144	3137
144	5553
145	4537
148	655
148	2719
148	3561
148	4537
150	2006
150	2341
151	4922
153	1413
153	2413
153	4440
153	4944
153	5151
154	1974
155	2633
159	4537
160	2107
160	2270
160	2532
160	2647
160	3590
160	3637
160	4736
160	4855
161	4537
162	387
162	760
162	1143
162	1348
162	1561
162	2355
162	2537
162	3930
162	4671
164	3912
165	607
165	723
165	1209
165	3590
165	5644
167	4537
167	5636
168	1974
169	387
169	493
169	741
169	965
169	1561
169	1907
169	3930
169	4148
169	4300
169	5597
170	4537
172	4537
173	2413
174	1561
174	2380
174	4671
174	4922
174	5537
175	4537
177	757
177	2413
178	2413
179	757
179	2413
179	4440
181	3431
182	1561
182	4922
184	2270
184	2517
184	2559
184	4855
184	5621
185	4537
187	3318
188	4537
191	830
191	3743
191	4537
192	4484
192	4537
193	515
193	3362
193	4209
194	4922
195	503
195	741
195	835
195	851
195	1021
195	2448
195	4375
195	4506
195	4556
195	4622
195	4706
195	4854
195	5255
195	5471
195	5537
196	4537
197	4537
198	757
198	4440
199	4537
201	212
201	4537
202	1974
203	4745
204	1073
204	3816
204	3930
204	4556
204	4867
204	4922
204	4999
205	679
205	1108
205	3582
205	3691
205	3835
205	3874
205	4388
205	4624
205	4673
205	5057
206	226
206	316
206	571
206	1023
206	1099
206	1627
206	2379
206	3723
206	4444
206	5340
208	4537
209	809
209	1138
209	1837
212	1807
212	1906
212	4537
213	4537
214	4537
215	3812
215	3930
215	4246
215	4867
215	4922
216	1416
217	4537
221	2413
221	4440
223	457
223	757
223	4440
224	1571
224	1807
224	3583
224	4319
224	5339
224	5487
225	587
225	1500
225	2452
225	4242
226	248
226	700
226	813
226	1023
226	1627
226	1801
226	2204
226	2348
226	2379
226	2476
226	2479
226	4090
226	4196
226	4515
226	4767
226	5359
227	757
227	2413
227	4178
227	4440
228	901
228	4718
233	4537
235	1259
235	1796
235	3652
235	4121
235	4413
235	4461
235	5018
236	4537
237	4537
238	1042
240	4537
241	1980
242	4683
243	3679
243	5729
244	1248
244	1974
244	2684
245	4537
248	417
248	985
248	1163
248	1304
248	2379
248	2801
248	2918
248	4090
248	4102
248	4515
248	4767
249	1123
249	2306
249	2435
249	3018
249	3234
249	4743
249	5056
249	5092
250	4537
251	3315
251	3424
251	3484
252	2113
252	3230
252	4887
253	1561
253	4922
256	663
256	2381
256	3097
256	4463
256	4537
256	5408
256	5751
257	4537
258	5643
259	1262
259	2065
259	3288
259	4025
259	5177
260	2871
260	4110
262	451
262	1663
263	2559
263	3590
263	4855
267	416
267	850
267	950
267	1744
267	2806
267	3155
267	4293
267	5757
268	737
269	786
269	963
269	1784
269	1807
269	3743
269	4517
269	4537
270	4537
271	1984
273	4537
274	2587
274	2855
274	3249
274	4356
274	4678
275	4537
276	5012
278	757
278	2413
279	1974
281	4537
283	4537
284	3966
285	4537
287	2006
288	1266
288	1348
288	1561
288	2539
288	3948
288	4265
288	4300
288	5537
288	5596
289	1286
289	2856
289	3085
289	3217
289	4197
289	4394
289	4708
289	4718
289	5450
291	4537
293	757
293	4440
293	5098
293	5659
295	491
295	1209
297	2413
297	4440
298	1399
298	1573
298	1900
298	2731
298	3692
298	4112
301	4537
302	1546
302	3968
302	4177
302	5245
302	5696
303	4440
304	757
304	4440
304	5380
305	979
305	1133
305	5028
307	4537
308	2413
308	4440
309	663
309	2381
309	3347
309	4537
310	3217
310	4537
310	4708
311	1974
312	4537
313	4537
316	700
316	2379
316	2476
316	2479
316	4090
316	5359
318	943
320	4537
322	4537
323	1974
325	375
325	387
325	422
325	503
325	524
325	546
325	581
325	591
325	626
325	651
325	741
325	760
325	783
325	851
325	988
325	1348
325	1492
325	1561
325	1720
325	1878
325	2071
325	2106
325	2400
325	2448
325	2503
325	2675
325	2819
325	2830
325	2954
325	3043
325	3108
325	3237
325	3300
325	3354
325	3361
325	3641
325	3802
325	3850
325	4049
325	4148
325	4233
325	4300
325	4306
325	4506
325	4556
325	4750
325	4845
325	4901
325	4961
325	4991
325	5004
325	5471
325	5574
325	5596
325	5658
325	5716
325	5719
326	1431
326	3284
326	4723
326	5242
327	2871
327	4110
330	1369
331	2255
333	2647
333	3637
333	4736
333	4855
334	860
334	1132
334	4537
335	2413
335	4440
336	1807
336	2446
336	3217
336	3660
336	4537
336	4718
337	382
337	942
337	1065
337	2421
337	4384
337	5046
337	5550
338	1807
338	3217
338	5253
341	3619
341	4537
346	556
346	648
346	2362
347	355
347	1050
347	1080
347	1194
347	1941
347	2156
347	2403
347	2516
347	2533
347	3262
347	3340
347	3399
347	4500
347	5117
347	5154
347	5305
347	5360
347	5386
348	4440
349	2238
349	3224
349	3755
349	3800
350	4537
351	1241
351	2856
351	4537
351	5555
353	757
353	2413
354	4537
355	1050
355	1080
355	1194
355	1941
355	2156
355	2304
355	2403
355	2516
355	2533
355	3262
355	3340
355	3399
355	4500
355	5117
355	5154
355	5305
355	5360
355	5386
356	848
356	1032
356	3441
356	4024
356	4199
358	4537
359	4380
360	3930
361	462
361	2051
361	2590
361	3315
361	4179
361	5052
361	5762
362	1974
363	4537
366	757
366	2413
366	4440
369	1255
369	1319
369	1430
369	1670
369	1807
369	3742
369	3822
369	4421
369	5642
370	4537
371	1852
371	2877
372	1561
372	4922
374	2856
374	4537
374	4708
375	3930
375	4922
376	518
376	3105
376	4537
377	942
377	1283
377	1812
377	3064
377	4603
377	4724
377	4763
377	5019
377	5175
377	5286
377	5476
377	5550
377	5576
378	757
378	4440
379	4451
379	4537
379	4605
379	4875
381	4537
382	1812
382	2113
382	3064
382	4603
382	4724
382	5019
382	5476
385	4440
386	1852
386	4440
387	424
387	524
387	546
387	651
387	727
387	760
387	931
387	965
387	992
387	1031
387	1143
387	1150
387	1176
387	1310
387	1381
387	1492
387	1539
387	1561
387	1709
387	1907
387	2008
387	2152
387	2191
387	2280
387	2503
387	2526
387	2778
387	2810
387	2819
387	2934
387	2977
387	3043
387	3134
387	3268
387	3283
387	3354
387	3948
387	3969
387	4013
387	4049
387	4103
387	4219
387	4480
387	4496
387	4506
387	4622
387	4664
387	4666
387	4695
387	4706
387	4845
387	4850
387	4853
387	4973
387	5021
387	5208
387	5255
387	5397
387	5409
387	5596
387	5687
387	5716
387	5771
392	844
393	4537
394	3782
397	598
397	2000
397	3418
397	3960
397	4088
398	709
398	848
398	1032
398	1451
398	1732
398	1811
398	2096
398	2320
398	2371
398	2407
398	2496
398	2793
398	3114
398	3172
398	3260
398	3441
398	3609
398	3998
398	4024
398	4199
398	4543
398	4595
398	4721
398	4729
398	5232
398	5233
399	4537
400	2413
401	4537
404	5768
406	4537
408	2369
408	4602
409	2916
409	4276
410	757
410	4440
411	578
412	4537
414	424
414	503
414	524
414	835
414	1021
414	1031
414	1176
414	1348
414	1539
414	1570
414	1775
414	1878
414	1984
414	2036
414	2106
414	2152
414	2184
414	2448
414	2915
414	2934
414	2954
414	2977
414	3034
414	3043
414	3108
414	3256
414	3283
414	3361
414	3528
414	3790
414	3930
414	4013
414	4103
414	4300
414	4616
414	4622
414	4671
414	4706
414	4845
414	4850
414	4922
414	4959
414	5006
414	5021
414	5471
414	5596
414	5687
416	950
416	1744
416	2806
416	3072
416	3155
416	3325
416	3390
416	4293
416	4522
417	985
417	1163
417	1304
417	2379
417	2479
417	2668
417	2801
417	2918
417	3723
417	4090
417	4102
417	4515
418	4537
419	757
419	1852
419	4440
420	1131
420	1358
420	1827
420	1952
420	2863
420	3270
420	3428
420	5475
421	1978
421	3102
421	5530
422	429
422	783
422	851
422	1031
422	1266
422	1348
422	1754
422	1907
422	2911
422	3528
422	3850
422	4306
422	4556
422	4959
422	5134
422	5537
422	5658
423	757
423	4440
424	493
424	893
424	992
424	1031
424	1266
424	1742
424	1907
424	1944
424	2448
424	2932
424	2954
424	3043
424	3134
424	3269
424	3812
424	3930
424	4013
424	4155
424	4246
424	4306
424	4375
424	4622
424	4671
424	4695
424	5044
424	5596
425	2413
425	4440
426	3234
427	4537
428	4537
429	1561
429	2830
429	3162
429	4922
429	5134
429	5574
431	4537
432	4537
433	4537
434	757
434	4440
436	1561
436	4292
436	4642
436	5061
437	4537
438	2645
438	4537
439	2097
442	641
442	4339
443	1253
443	1677
443	1992
443	2312
443	2575
443	3497
443	3599
443	4339
443	4487
443	5548
444	538
444	729
444	1571
444	2397
444	2742
444	3141
444	3583
444	3646
444	4718
444	5487
445	4914
445	4925
445	5180
448	1210
448	4379
448	4537
449	4537
450	1974
451	555
451	847
451	1657
451	1873
451	2211
451	2648
451	2973
451	3126
451	3235
451	3431
451	3487
451	3700
451	4826
453	4537
454	2236
454	3044
455	1561
455	4922
457	757
457	2413
457	4440
457	5380
458	757
458	2413
458	4440
459	4537
461	1887
461	4537
462	1773
462	2051
462	3489
462	3903
462	5052
462	5762
463	1974
463	2684
463	3682
464	1466
464	1502
464	1573
464	1579
464	1900
464	2045
464	3692
464	4802
465	4537
467	4537
468	1782
468	1860
469	720
469	1317
469	3524
470	968
470	1785
472	4450
472	5612
473	1561
473	3961
473	4135
473	4922
474	3435
475	1513
475	1651
475	2335
475	2693
475	2890
475	3471
475	3791
475	4017
476	1445
476	3514
476	5063
478	741
478	1561
478	5537
480	870
480	3821
482	3646
482	5487
483	757
483	1852
485	4537
486	3930
487	4537
488	4537
491	2270
491	3580
493	503
493	591
493	626
493	651
493	701
493	721
493	760
493	851
493	893
493	965
493	992
493	1017
493	1089
493	1348
493	1381
493	1492
493	1570
493	1709
493	1907
493	1944
493	2036
493	2106
493	2152
493	2400
493	2448
493	2503
493	2526
493	2675
493	2778
493	2869
493	2915
493	2934
493	2977
493	3034
493	3167
493	3354
493	3790
493	4049
493	4103
493	4148
493	4155
493	4246
493	4306
493	4404
493	4480
493	4556
493	4616
493	4622
493	4671
493	4695
493	4845
493	4850
493	4911
493	4935
493	4959
493	4977
493	5021
493	5397
493	5447
493	5471
493	5511
493	5656
493	5687
493	5771
493	5775
495	4537
496	4537
498	757
498	4440
501	1190
501	1399
501	1579
501	2045
501	2731
501	2950
501	3681
501	3988
501	4112
501	4227
501	4574
501	4802
502	5323
503	581
503	626
503	741
503	835
503	1031
503	1266
503	1348
503	1561
503	1720
503	1775
503	2106
503	2400
503	2503
503	2784
503	2954
503	3528
503	3850
503	4013
503	4300
503	4306
503	4404
503	4480
503	4556
503	4622
503	4671
503	4695
503	4961
503	5447
503	5596
503	5775
504	2278
504	3221
504	3797
504	4216
504	5703
505	989
505	1892
505	2822
505	3133
505	3492
505	3929
505	3931
505	5114
505	5369
505	5411
505	5423
506	4440
508	4537
509	2989
509	3961
509	4845
510	829
510	960
510	1054
510	1410
510	1835
510	4537
510	4804
512	1049
512	1228
512	1283
512	2113
512	2421
512	3064
512	5019
512	5234
512	5476
513	5487
514	1416
514	2900
514	4516
515	3037
515	3362
515	3515
515	5078
515	5580
516	4226
517	757
517	2413
517	4440
518	1807
518	4537
519	3643
520	2911
520	4922
521	757
523	757
523	2413
524	626
524	741
524	1176
524	1370
524	1561
524	1720
524	3043
524	4480
524	4556
524	4706
524	4961
524	5471
524	5537
524	5596
525	1241
525	2815
525	2856
525	4537
526	1371
526	1656
526	4316
526	5514
526	5723
527	1561
532	4922
533	4537
534	4390
535	4537
536	679
536	1135
536	1446
536	2940
536	3345
536	3691
536	3835
536	3978
536	4388
536	4624
536	4673
536	4755
536	5057
536	5626
536	5731
537	5188
538	729
538	1524
538	1571
538	1728
538	2397
538	2742
538	3141
538	3583
538	3646
538	4144
538	4394
538	4718
538	5487
540	2413
541	4537
542	4537
543	1885
543	5013
543	5085
545	1836
546	626
546	893
546	1561
546	2448
546	2526
546	4480
546	4695
546	5447
546	5537
546	5716
548	4537
549	4537
551	4537
554	1974
556	648
556	2362
556	2501
556	4156
557	1807
557	4537
560	1561
562	4537
564	1353
564	2908
564	3738
564	4282
564	4537
565	1561
565	4922
566	3276
566	3495
566	3812
566	4246
567	4537
568	5221
569	1677
570	2238
570	5676
571	700
571	813
571	1163
571	1627
571	2204
571	2348
571	2375
571	2379
571	2476
571	2479
571	3723
571	4090
571	4196
571	5340
572	4537
574	4537
576	757
576	4440
576	4964
577	4537
578	2230
580	979
581	760
581	835
581	851
581	893
581	931
581	1021
581	1031
581	1143
581	1150
581	1266
581	1381
581	1539
581	1709
581	1720
581	1878
581	2184
581	2293
581	2778
581	2810
581	2819
581	3040
581	3043
581	3361
581	3758
581	3850
581	3948
581	4013
581	4306
581	4556
581	4854
581	4961
581	5537
581	5687
581	5775
582	1561
582	4867
582	4922
584	2925
586	604
586	1933
587	1770
587	4242
587	4791
588	981
588	2353
588	2684
588	3333
588	3484
588	4454
589	5728
590	4537
591	651
591	741
591	1381
591	2675
591	2778
591	3361
591	3790
591	4506
591	4922
592	634
592	770
592	1498
592	1871
592	1872
592	2281
592	3424
592	4490
592	5273
597	1974
597	3258
598	3418
598	4088
599	1625
599	1798
599	2413
599	2988
599	3937
599	3979
599	4610
600	1755
601	1825
601	1941
602	757
602	2413
602	4440
603	757
603	2093
603	2413
603	4038
603	4178
603	4440
603	5667
605	4537
606	1807
606	4537
607	723
608	2153
608	2399
609	2413
609	4440
610	4537
611	4537
611	4708
612	2260
612	3954
612	4537
613	4537
615	2395
616	2054
616	4537
617	4537
618	1561
618	2459
618	3395
618	3611
618	4665
618	4922
619	5273
620	5592
621	1413
621	1852
621	2413
622	4537
623	1974
624	3031
625	1561
625	3930
626	721
626	741
626	851
626	893
626	1176
626	1266
626	1348
626	1381
626	1561
626	1570
626	1720
626	1878
626	1907
626	2448
626	2677
626	2778
626	2819
626	2977
626	3034
626	3108
626	3134
626	3167
626	3354
626	3636
626	3930
626	4049
626	4103
626	4300
626	4306
626	4496
626	4506
626	4616
626	4666
626	4845
626	4959
626	4961
626	5255
626	5471
626	5687
626	5716
626	5771
627	3782
628	4440
629	4537
631	1561
632	1019
632	3331
632	3365
632	4537
632	5489
634	1871
634	2190
634	3293
634	4454
636	735
636	2024
636	4537
636	4708
641	1921
641	4487
641	5548
642	757
643	1561
644	2063
645	4537
646	4537
648	2362
648	3137
648	4156
649	2369
649	3741
650	1561
650	2592
650	3134
650	3930
650	4496
650	5447
651	741
651	893
651	1031
651	1381
651	1907
651	2675
651	2778
651	3361
651	3790
651	3850
651	4306
651	4506
651	4706
651	4867
651	5775
655	946
655	982
655	1330
655	2462
655	3179
655	3561
655	3696
655	3859
655	4537
655	5100
656	4537
657	1229
657	2354
658	4537
659	4537
660	2119
660	2300
660	5165
661	2413
661	4440
663	4537
663	5751
664	2323
664	3279
665	4537
666	1974
669	1035
669	1105
669	3058
669	3881
671	1852
671	2877
671	4440
671	4944
672	3930
673	757
673	4440
676	1920
677	840
677	1270
677	1957
677	2420
677	4424
677	5031
677	5318
677	5319
677	5577
678	4537
679	1135
679	1446
679	2252
679	2370
679	2480
679	3345
679	3661
679	3916
679	4077
679	4388
679	4755
679	5026
679	5449
679	5546
680	1223
680	2060
680	3863
680	4429
680	5676
681	4718
683	2392
683	5631
684	4537
685	4537
687	4537
688	1807
688	2137
688	4537
688	4858
691	1561
691	4922
692	1047
692	5753
693	1727
693	2118
693	5079
694	1561
694	4922
695	1667
695	3562
697	5063
700	813
700	1023
700	1627
700	2204
700	2846
700	3723
700	4090
700	4196
700	4444
700	4515
700	5115
700	5340
700	5586
701	893
701	1031
701	1709
701	2152
701	4049
701	4922
701	5537
704	1401
704	1800
704	4250
705	4537
709	907
709	1032
709	1676
709	1732
709	2371
709	2407
709	3172
709	3260
709	3609
709	3998
709	4024
709	4199
709	4543
709	5532
713	1146
713	1155
713	1771
713	1895
713	2249
713	3467
713	3535
713	3775
713	4190
713	5036
713	5276
713	5335
713	5417
714	757
714	4440
718	4537
719	1561
719	4922
720	1317
720	3160
720	3524
720	5099
721	851
721	1031
721	1878
721	3850
721	4300
723	2405
723	2559
723	3590
723	4736
723	5644
725	1567
725	2411
726	1974
726	3999
726	5043
727	741
727	835
727	1021
727	1561
727	3134
727	3159
727	3820
727	4431
727	4556
727	4706
728	1807
728	2121
728	4537
728	4869
729	1524
729	1571
729	1728
729	2397
729	2742
729	3141
729	3583
729	3646
729	4144
729	4394
729	4718
729	5487
731	4537
732	4537
734	2137
734	3939
734	4537
734	4858
735	4537
738	1974
739	1974
739	2214
739	2276
739	4950
740	906
740	2981
740	3807
741	851
741	893
741	965
741	1031
741	1150
741	1176
741	1348
741	1381
741	1492
741	1543
741	1561
741	1709
741	1720
741	1775
741	1878
741	1928
741	2106
741	2191
741	2355
741	2400
741	2448
741	2537
741	2577
741	2778
741	2784
741	2934
741	2977
741	3034
741	3108
741	3167
741	3237
741	3361
741	3528
741	3790
741	3850
741	3948
741	4013
741	4148
741	4506
741	4556
741	4616
741	4622
741	4706
741	4854
741	4951
741	4961
741	4973
741	5006
741	5021
741	5061
741	5471
741	5596
741	5671
741	5674
742	4537
743	1974
744	834
744	1406
744	2640
744	2738
744	2796
744	2880
744	3964
744	4137
744	4537
744	5065
744	5070
745	4537
748	3371
748	4559
749	788
749	5281
751	4484
753	1852
754	1941
756	2422
756	4537
757	764
757	803
757	820
757	822
757	824
757	881
757	910
757	925
757	1070
757	1134
757	1172
757	1175
757	1188
757	1221
757	1276
757	1345
757	1383
757	1384
757	1481
757	1537
757	1582
757	1599
757	1638
757	1646
757	1693
757	1745
757	1761
757	1763
757	1788
757	1797
757	1914
757	1947
757	2025
757	2055
757	2076
757	2089
757	2093
757	2181
757	2232
757	2251
757	2262
757	2289
757	2310
757	2347
757	2366
757	2387
757	2404
757	2416
757	2426
757	2451
757	2454
757	2484
757	2511
757	2545
757	2547
757	2597
757	2674
757	2680
757	2697
757	2752
757	2760
757	2762
757	2773
757	2809
757	2818
757	2845
757	2907
757	2941
757	2949
757	2959
757	2969
757	2971
757	3005
757	3036
757	3050
757	3069
757	3078
757	3091
757	3166
757	3244
757	3305
757	3344
757	3388
757	3392
757	3406
757	3475
757	3479
757	3504
757	3541
757	3567
757	3606
757	3631
757	3704
757	3766
757	3804
757	3832
757	3848
757	3864
757	3869
757	3949
757	3972
757	3989
757	4038
757	4057
757	4067
757	4085
757	4097
757	4150
757	4178
757	4217
757	4222
757	4267
757	4341
757	4366
757	4628
757	4652
757	4657
757	4701
757	4712
757	4793
757	4934
757	4938
757	4964
757	4975
757	4998
757	5050
757	5059
757	5074
757	5087
757	5091
757	5097
757	5121
757	5136
757	5142
757	5150
757	5168
757	5169
757	5248
757	5348
757	5380
757	5381
757	5480
757	5484
757	5497
757	5513
757	5520
757	5579
757	5628
757	5659
757	5667
757	5668
757	5669
757	5670
757	5761
758	4537
760	851
760	893
760	1021
760	1031
760	1176
760	1720
760	1878
760	1907
760	2036
760	2191
760	2448
760	2539
760	2778
760	2819
760	3034
760	3820
760	3850
760	4013
760	4049
760	4265
760	4300
760	4306
760	4556
760	4706
760	4951
760	4977
760	5537
760	5596
760	5687
760	5771
761	2305
761	2815
761	3051
761	3184
761	3247
761	3655
761	4537
763	1561
763	4922
764	2413
767	1410
767	1835
767	4537
768	1561
768	4922
769	1561
770	1871
770	1872
770	2281
770	4214
770	5762
774	1974
776	2785
776	3691
777	4537
780	2440
780	4689
781	4537
782	1852
783	851
783	965
783	1031
783	1561
783	1907
783	1984
783	2293
783	3276
783	3324
783	3361
783	3930
783	4480
783	4959
783	5537
783	5658
784	3943
785	2413
785	4440
786	2794
786	3743
786	4537
786	5558
787	4821
788	5281
789	1659
789	2654
790	1852
791	1888
791	4537
791	4605
791	4875
792	1084
792	1967
792	2190
792	2284
792	2662
792	3293
792	3400
792	3424
792	3545
792	4094
792	4490
792	5133
793	4537
797	3484
797	4318
799	4537
800	1272
800	2867
801	950
801	2478
801	2806
801	3325
802	2568
802	3924
802	4886
802	5205
803	1153
803	1188
803	2413
803	3724
803	4440
803	5380
804	2080
806	2524
806	3777
806	4792
806	4883
808	4537
809	1138
809	1837
809	3164
809	3921
809	4549
810	2929
810	3741
810	4602
811	1165
811	1574
811	1807
811	1971
811	2290
811	2305
811	3587
811	3655
811	4411
811	4537
811	4708
811	4734
811	4771
811	5206
811	5427
811	5510
812	1963
812	5695
813	1099
813	1627
813	1927
813	2204
813	2846
813	4196
813	4444
813	5586
814	4537
815	4537
816	4449
816	5582
817	1111
817	1207
817	1314
817	1756
817	2441
817	2471
817	2666
818	1721
818	4866
819	4537
821	4537
822	2413
822	4440
824	2413
824	4440
825	4537
828	1807
828	4537
829	1054
829	4537
830	976
830	3743
830	4537
830	5140
832	2462
832	2754
832	3501
832	3696
832	3859
832	4256
832	4537
832	4538
832	5100
834	2640
834	2738
834	2796
834	2880
834	3878
834	4137
834	4537
834	5065
834	5070
835	851
835	893
835	1017
835	1031
835	1348
835	1561
835	1720
835	1775
835	2036
835	2191
835	2448
835	2577
835	2810
835	3034
835	3134
835	3324
835	3820
835	3850
835	4148
835	4431
835	4506
835	4706
835	4845
835	4850
835	4961
835	5006
835	5021
835	5471
835	5537
835	5687
835	5775
836	3982
840	1270
842	4537
845	941
845	3043
845	4922
846	876
846	1211
846	1567
846	2324
848	1032
848	1451
848	1676
848	1732
848	1811
848	2096
848	2320
848	2371
848	2407
848	2496
848	2793
848	3114
848	3172
848	3260
848	3437
848	3441
848	3609
848	3998
848	4024
848	4199
848	4543
848	4595
848	4729
848	5232
848	5233
848	5754
850	950
850	1744
850	3072
850	3155
850	3390
850	4293
851	893
851	1021
851	1031
851	1089
851	1266
851	1539
851	1754
851	1775
851	1907
851	2036
851	2448
851	2577
851	2778
851	2934
851	2954
851	3034
851	3108
851	3134
851	3167
851	3758
851	3930
851	3962
851	4103
851	4148
851	4306
851	4407
851	4556
851	4959
851	4961
851	5006
851	5255
851	5471
851	5658
851	5775
853	3658
853	3828
854	4537
855	3517
857	4537
859	4537
860	1807
860	3363
860	4537
863	2561
864	1868
864	2671
865	1097
865	1364
866	3966
867	1193
867	2192
867	5022
869	4537
870	1275
870	3821
872	1887
872	4537
874	4537
877	4699
878	4537
881	2413
881	4440
885	4537
886	4537
888	1852
890	4440
891	2413
891	5142
892	4718
892	5487
893	1017
893	1031
893	1089
893	1150
893	1176
893	1381
893	1492
893	1709
893	1775
893	1878
893	1907
893	1984
893	2036
893	2400
893	2778
893	2819
893	2954
893	3034
893	3108
893	3134
893	3237
893	3354
893	3528
893	3790
893	3850
893	3948
893	4013
893	4049
893	4148
893	4506
893	4666
893	4671
893	4695
893	4750
893	4959
893	4961
893	4973
893	5409
893	5537
893	5596
893	5716
893	5771
893	5775
894	4537
895	4537
897	4537
898	4537
900	4537
901	1865
903	1810
904	1166
904	1692
905	4537
906	3807
907	1732
907	1811
907	2371
907	2496
907	3172
907	3654
907	4662
907	5532
907	5754
908	3023
908	4181
909	4537
910	2413
910	4440
911	4537
912	2413
912	4440
913	4597
914	2983
914	4004
917	4537
922	1852
922	4440
923	3583
924	4537
925	4440
927	2863
927	3270
927	3287
927	3428
928	1941
928	2034
928	2278
928	5564
929	1807
929	3217
930	4718
931	1561
931	2293
931	4041
931	4854
932	4518
933	4537
934	4537
935	4537
936	1561
936	4922
937	1807
937	4537
938	2413
938	4440
940	4276
941	4922
942	2839
942	4192
942	4763
944	2413
946	3179
946	4537
948	1561
948	3813
950	1744
950	2040
950	2112
950	2275
950	4522
952	4537
954	1974
954	2475
954	2563
954	3183
954	3380
954	3476
954	3999
954	4180
954	4519
954	4924
954	5395
954	5569
955	1974
956	4424
956	5319
957	3930
957	4013
957	5596
958	2896
959	1823
959	4603
959	5441
960	1054
960	2114
960	3587
960	3655
960	4130
960	4537
960	4734
960	4804
960	4814
960	5478
960	5636
961	4537
963	1054
963	1807
963	2794
963	2856
963	3587
963	4537
963	4804
963	5111
963	5636
964	1266
964	1561
964	4375
964	4706
965	1021
965	2191
965	3167
965	3930
965	4148
965	4300
965	4431
965	4671
965	5471
965	5537
965	5658
969	3798
972	1146
972	1743
972	1771
972	2249
972	3467
972	3775
973	4537
975	4537
976	1807
976	4537
976	4708
978	4537
979	1793
979	2237
979	2667
981	4454
982	3696
982	3859
982	4537
982	5100
983	4537
984	2510
985	1163
985	1304
985	2348
985	2379
985	2801
985	2918
985	3723
985	4090
985	4102
985	4515
987	1831
987	1974
987	3999
988	1561
988	4922
989	1892
989	2543
989	2822
989	3133
989	3257
989	3492
989	3931
989	4779
989	5114
989	5369
989	5411
990	4537
991	4440
992	1561
992	1742
992	1907
992	3134
992	4155
992	4246
992	4922
992	4935
995	4741
996	1807
996	4319
996	4718
996	5487
997	4537
999	1852
999	2877
999	4440
1002	1974
1003	4440
1007	2742
1007	4718
1009	4922
1010	4718
1010	5487
1012	4472
1012	4753
1013	2413
1013	4440
1014	4922
1015	4537
1017	1021
1017	1031
1017	1092
1017	1176
1017	1266
1017	3134
1017	3850
1017	4671
1017	4676
1017	4845
1017	4850
1017	4951
1017	4959
1017	5471
1017	5537
1017	5687
1018	4537
1019	1807
1019	2856
1019	3217
1019	3331
1019	4026
1019	4319
1019	4537
1019	4708
1019	4718
1019	5487
1020	4537
1021	1031
1021	1150
1021	1176
1021	1266
1021	1348
1021	1561
1021	1775
1021	1878
1021	2036
1021	2106
1021	2448
1021	2810
1021	3043
1021	3134
1021	3190
1021	3237
1021	3528
1021	3850
1021	4013
1021	4306
1021	4375
1021	4431
1021	4480
1021	4556
1021	4616
1021	4676
1021	4695
1021	4706
1021	4845
1021	4951
1021	4961
1021	4977
1021	5006
1021	5042
1021	5061
1021	5471
1021	5537
1021	5596
1022	1974
1023	1099
1023	2375
1023	2379
1023	2476
1023	2479
1023	2801
1023	4090
1023	4515
1023	4767
1023	5359
1027	4537
1030	1187
1030	1871
1030	2190
1030	3293
1030	3484
1030	4490
1030	4809
1031	1150
1031	1348
1031	1539
1031	1754
1031	1775
1031	1907
1031	1958
1031	1984
1031	2152
1031	2184
1031	2400
1031	2448
1031	2675
1031	2819
1031	2830
1031	2954
1031	3034
1031	3237
1031	3240
1031	3256
1031	3283
1031	3361
1031	3790
1031	3850
1031	4013
1031	4103
1031	4219
1031	4306
1031	4506
1031	4556
1031	4616
1031	4622
1031	4664
1031	4666
1031	4695
1031	4706
1031	4830
1031	4850
1031	4901
1031	4973
1031	4991
1031	5006
1031	5061
1031	5255
1031	5397
1031	5658
1031	5687
1031	5716
1031	5775
1032	1451
1032	1732
1032	1811
1032	2096
1032	2496
1032	2793
1032	3114
1032	3437
1032	3574
1032	3609
1032	4024
1032	4595
1032	4729
1032	4982
1032	5232
1032	5233
1034	2826
1035	1105
1035	2756
1035	3058
1035	3277
1035	3881
1036	4537
1037	1413
1037	1715
1037	1852
1037	2401
1037	2492
1037	2494
1037	2626
1037	2651
1037	2877
1037	2927
1037	3103
1037	3267
1037	3349
1037	3432
1037	3979
1037	4099
1037	4322
1037	4493
1037	4944
1038	4537
1039	3100
1040	2406
1040	2805
1041	4537
1042	2334
1042	2997
1042	5577
1044	4537
1045	2202
1045	2334
1045	2576
1045	2887
1045	4165
1045	5031
1047	3229
1047	5753
1048	4537
1049	1065
1049	1812
1049	2113
1049	2421
1049	5019
1050	1080
1050	1194
1050	1941
1050	2156
1050	2403
1050	2516
1050	2533
1050	3262
1050	3340
1050	3399
1050	4500
1050	5117
1050	5154
1050	5305
1050	5360
1050	5386
1053	2321
1053	4450
1054	1286
1054	1312
1054	1410
1054	1835
1054	2061
1054	2114
1054	2514
1054	2856
1054	3008
1054	3214
1054	3217
1054	3295
1054	3306
1054	3439
1054	3496
1054	3587
1054	3655
1054	4035
1054	4130
1054	4182
1054	4197
1054	4321
1054	4389
1054	4537
1054	4718
1054	4771
1054	4798
1054	4804
1054	4810
1054	4814
1054	5109
1054	5308
1054	5478
1054	5689
1055	2254
1055	4537
1056	1974
1056	2684
1056	5203
1058	1266
1058	1561
1058	2152
1058	4920
1058	4922
1062	4537
1063	4537
1064	1660
1064	3770
1064	3921
1065	1812
1065	2113
1065	3015
1065	3230
1065	4384
1065	5019
1065	5046
1065	5175
1065	5286
1066	2084
1066	4239
1070	2413
1071	4537
1072	4537
1073	3930
1073	4506
1073	4756
1073	4867
1073	5537
1074	4537
1075	4537
1076	4537
1079	4537
1080	1194
1080	1522
1080	1941
1080	2156
1080	2304
1080	2403
1080	2516
1080	2533
1080	3262
1080	3340
1080	3399
1080	4500
1080	5117
1080	5154
1080	5305
1080	5360
1080	5386
1082	2785
1082	3582
1082	4344
1083	4537
1084	1187
1084	1857
1084	1871
1084	2190
1084	2662
1084	3293
1084	4490
1084	4809
1084	5048
1084	5133
1084	5273
1085	4537
1089	1150
1089	1561
1089	3108
1089	3850
1089	3930
1089	4148
1089	4556
1089	4671
1089	4706
1089	4922
1089	5537
1089	5775
1090	2359
1090	2504
1090	3956
1090	4715
1090	5431
1090	5557
1090	5661
1091	4537
1092	1492
1092	1561
1092	3850
1092	4850
1092	5471
1095	4440
1097	4638
1099	2379
1099	2476
1099	2479
1099	2801
1099	4444
1099	4767
1099	5340
1099	5359
1100	4718
1101	3107
1103	4537
1105	3058
1105	3881
1108	2339
1108	2785
1108	3582
1108	3665
1108	3691
1108	3835
1108	3978
1108	4388
1108	4624
1108	4673
1108	4755
1108	4859
1108	5057
1108	5110
1108	5459
1108	5731
1109	5069
1111	1207
1111	1314
1111	1756
1111	2441
1111	2471
1111	2666
1111	5677
1112	2631
1112	3693
1112	4530
1115	2411
1117	4537
1118	4537
1119	4537
1121	4209
1121	5439
1122	5274
1123	2306
1123	3234
1123	5056
1124	1852
1124	4440
1127	4537
1128	3453
1128	5243
1129	2413
1131	1827
1131	2706
1132	1286
1132	1807
1132	2856
1132	2892
1132	3217
1132	4533
1132	4537
1132	4708
1132	4718
1133	1793
1133	5165
1135	2480
1135	3345
1135	3691
1135	3916
1135	4859
1136	4602
1138	1837
1138	2975
1138	3164
1138	3770
1138	4280
1138	5263
1140	1561
1140	4922
1143	1310
1143	1561
1143	2537
1143	2810
1143	3134
1143	3930
1143	4306
1143	4584
1143	4671
1143	5775
1144	4537
1145	4537
1146	1743
1146	1895
1146	2249
1146	2689
1146	2972
1147	4537
1148	4537
1149	4537
1150	1266
1150	1348
1150	1539
1150	1561
1150	1878
1150	1907
1150	2977
1150	3034
1150	3043
1150	3108
1150	3134
1150	3237
1150	3285
1150	3361
1150	3528
1150	3850
1150	3930
1150	3948
1150	4013
1150	4148
1150	4254
1150	4480
1150	4556
1150	4622
1150	4666
1150	4671
1150	4695
1150	4706
1150	4959
1150	4961
1150	5596
1150	5775
1151	4440
1152	4922
1153	1797
1153	3898
1153	5380
1155	1743
1155	1771
1155	1909
1155	2689
1155	2972
1155	3106
1155	3467
1155	3535
1155	3739
1155	4190
1155	4738
1155	5000
1155	5073
1155	5276
1155	5335
1155	5417
1155	5573
1156	5048
1159	3646
1159	4718
1159	5487
1161	4537
1163	2348
1163	2379
1163	2479
1163	3723
1163	4090
1163	4515
1165	3587
1165	4537
1165	5111
1166	1692
1166	2411
1167	2413
1167	4440
1172	4440
1172	4975
1174	4537
1174	5456
1175	2413
1176	1183
1176	1381
1176	1570
1176	1602
1176	1878
1176	1928
1176	1958
1176	2448
1176	2526
1176	2677
1176	2771
1176	3034
1176	3134
1176	3222
1176	3237
1176	3256
1176	3283
1176	3790
1176	3850
1176	4013
1176	4049
1176	4306
1176	4496
1176	4556
1176	4666
1176	4845
1176	4959
1176	5331
1176	5471
1176	5511
1176	5537
1176	5596
1176	5687
1176	5716
1178	4537
1179	5493
1181	2193
1183	1907
1183	2503
1183	2526
1183	2677
1183	3300
1183	3802
1183	4706
1187	1302
1187	1857
1187	1871
1187	2190
1187	2662
1187	3293
1187	3333
1187	3602
1187	4094
1187	4454
1187	4490
1187	4809
1187	5273
1188	1797
1188	2413
1188	2948
1188	2988
1188	3898
1188	4440
1188	5087
1188	5380
1190	1399
1190	2731
1190	2950
1190	2990
1190	3681
1190	3692
1190	3988
1190	4112
1190	4227
1194	1941
1194	2156
1194	2304
1194	2403
1194	2516
1194	2533
1194	3340
1194	3399
1194	4432
1194	4500
1194	5117
1194	5154
1194	5305
1198	4537
1203	1653
1205	5011
1207	1314
1207	1756
1207	2073
1207	2441
1207	2471
1207	2666
1208	3363
1208	4537
1209	2270
1209	4855
1210	4379
1210	4537
1215	4922
1216	4537
1217	4537
1221	4440
1225	4537
1226	4537
1227	1430
1227	1807
1227	1865
1227	4484
1230	4537
1231	4440
1232	4537
1237	1974
1240	4922
1241	2010
1241	2177
1241	2305
1241	2472
1241	2490
1241	2551
1241	2815
1241	2922
1241	3247
1241	3698
1241	3719
1241	4537
1241	4660
1241	4708
1241	4822
1241	4927
1241	4969
1241	5109
1241	5555
1242	2413
1242	4440
1244	3583
1245	4537
1246	4537
1247	4537
1248	1974
1248	2090
1249	1874
1249	5069
1249	5750
1251	4484
1251	4537
1252	1561
1252	4922
1253	1677
1253	1921
1253	2312
1253	2575
1253	3272
1253	3599
1253	4339
1253	4487
1253	5029
1253	5653
1254	4537
1255	2023
1255	3141
1255	3646
1255	4144
1255	4484
1255	4718
1255	5487
1257	4537
1259	1409
1259	1796
1259	3652
1259	4084
1259	4121
1259	4413
1259	4645
1259	5018
1259	5159
1260	4537
1261	1533
1261	1663
1261	2065
1261	3288
1261	5177
1262	2065
1262	3288
1262	4025
1262	5177
1264	4537
1266	1348
1266	1539
1266	1570
1266	1709
1266	1775
1266	2106
1266	2152
1266	2293
1266	2400
1266	2539
1266	2675
1266	2819
1266	2830
1266	2869
1266	2954
1266	2977
1266	3034
1266	3043
1266	3062
1266	3167
1266	3237
1266	3256
1266	3300
1266	3361
1266	3528
1266	3641
1266	3820
1266	3948
1266	4013
1266	4103
1266	4265
1266	4300
1266	4306
1266	4371
1266	4404
1266	4480
1266	4496
1266	4556
1266	4616
1266	4671
1266	4831
1266	4845
1266	4911
1266	4920
1266	4959
1266	4961
1266	4977
1266	4991
1266	5006
1266	5134
1266	5255
1266	5397
1266	5409
1266	5596
1266	5775
1267	1807
1267	4537
1269	5696
1275	1817
1276	4440
1277	4484
1278	1974
1280	1297
1280	2913
1280	4537
1283	1812
1283	2018
1283	2765
1284	2483
1284	3930
1284	4922
1286	1571
1286	1807
1286	1835
1286	1865
1286	1971
1286	2225
1286	2260
1286	2565
1286	2856
1286	3184
1286	3214
1286	3217
1286	3743
1286	4319
1286	4379
1286	4484
1286	4537
1286	4708
1286	4718
1286	4945
1286	4955
1286	5111
1286	5487
1286	5636
1287	2397
1287	4537
1289	4537
1294	2413
1294	4440
1296	4537
1296	5444
1297	2913
1297	4537
1299	1862
1299	3397
1301	2413
1301	4440
1302	1871
1302	3484
1302	4094
1303	2698
1303	4718
1304	2348
1304	2375
1304	2379
1304	2479
1304	2918
1304	4090
1304	4102
1304	4515
1304	4767
1305	1974
1306	1974
1306	4179
1307	4537
1309	1974
1309	2684
1309	5395
1310	4922
1312	1784
1312	1835
1312	3008
1312	4389
1312	4537
1312	4771
1312	5558
1314	2073
1314	2441
1314	2471
1316	1722
1316	2616
1316	5060
1317	2384
1317	3524
1317	5099
1318	1836
1318	1960
1318	3404
1318	3909
1318	4030
1318	4641
1319	1807
1321	4537
1322	4662
1323	4537
1324	4537
1325	1974
1326	3548
1326	4662
1327	1721
1327	3083
1327	4866
1328	4537
1330	1577
1330	2719
1330	3696
1330	4537
1330	5100
1330	5769
1332	4537
1333	4440
1334	3641
1334	4922
1335	3943
1339	1974
1340	3037
1340	5439
1342	4537
1344	4537
1345	4440
1346	4039
1348	1561
1348	1720
1348	1907
1348	2539
1348	2810
1348	2977
1348	3034
1348	3820
1348	3930
1348	3948
1348	4265
1348	4300
1348	4306
1348	4431
1348	4556
1348	4616
1348	4850
1348	5006
1348	5042
1348	5397
1348	5537
1348	5596
1348	5687
1348	5771
1348	5775
1349	4537
1350	4537
1351	3930
1351	4375
1351	4922
1352	4136
1353	1807
1353	2552
1353	2908
1353	3080
1353	3716
1353	4537
1354	4537
1356	4537
1357	2413
1357	4440
1358	1737
1358	1827
1358	2029
1358	2863
1358	2996
1358	3186
1358	3428
1358	4373
1358	5475
1358	5733
1359	1807
1359	4319
1359	4718
1359	5746
1360	1362
1361	1561
1361	4922
1363	2413
1363	2877
1363	4440
1364	4106
1364	4518
1367	4537
1369	2958
1369	4011
1369	5279
1369	5519
1370	1561
1370	4922
1371	1656
1372	3930
1372	4922
1372	5537
1372	5597
1373	4537
1375	4537
1378	4537
1379	1573
1379	3692
1379	3988
1379	4112
1379	4227
1381	1561
1381	1709
1381	1907
1381	1928
1381	2071
1381	2675
1381	2778
1381	2830
1381	2911
1381	3361
1381	3790
1381	3850
1381	4013
1381	4300
1381	4306
1381	4480
1381	4506
1381	4556
1381	4622
1381	4706
1381	4750
1381	4845
1381	4959
1381	4961
1381	5471
1381	5537
1382	4537
1383	4440
1384	2413
1384	4440
1385	3181
1385	4115
1385	4600
1385	4799
1388	2413
1388	4440
1391	4537
1392	4967
1395	2510
1396	4275
1399	1466
1399	2731
1399	2990
1399	3681
1399	3988
1399	4227
1400	3161
1401	2995
1401	4250
1402	4537
1404	4537
1406	1626
1406	1807
1406	2640
1406	2738
1406	2880
1406	3331
1406	3365
1406	3601
1406	3878
1406	3964
1406	4137
1406	4537
1406	5489
1407	1852
1407	2413
1407	5142
1408	4437
1408	4537
1409	1461
1409	1680
1409	1796
1409	3871
1409	4084
1409	4397
1409	4618
1409	4645
1409	5159
1409	5374
1410	4537
1410	4804
1411	1561
1411	2882
1411	2989
1411	3961
1411	4922
1412	1852
1412	3349
1412	4440
1412	4493
1413	1715
1413	1852
1413	2401
1413	2492
1413	2494
1413	2626
1413	2632
1413	2651
1413	2877
1413	2927
1413	2948
1413	3103
1413	3267
1413	3349
1413	3432
1413	3979
1413	4066
1413	4099
1413	4834
1413	4944
1413	5151
1414	4537
1415	4537
1416	1898
1417	2413
1418	3195
1420	1974
1424	2040
1424	2478
1424	3325
1424	3390
1424	4426
1424	4522
1424	5757
1427	4537
1428	5075
1429	2413
1430	1670
1430	1807
1430	2856
1430	4537
1430	4708
1430	4718
1431	5242
1432	4488
1432	5128
1434	3747
1434	4518
1435	4537
1436	1561
1436	4103
1436	4922
1437	1974
1438	5028
1438	5165
1439	1561
1439	4922
1444	1466
1444	2045
1444	4574
1445	5351
1446	2252
1446	2480
1446	2940
1446	3582
1446	3661
1446	3835
1446	3874
1446	4077
1446	4388
1446	4624
1446	4673
1446	4859
1446	5057
1446	5546
1446	5731
1447	1807
1447	4537
1448	5143
1451	2096
1451	2793
1451	3172
1451	3260
1451	3441
1451	4024
1451	4199
1451	4543
1451	5232
1452	4537
1455	1465
1455	2598
1455	4174
1458	4537
1459	4537
1460	4821
1461	2241
1461	3104
1461	3520
1461	3871
1461	4084
1461	4121
1461	4397
1461	4461
1462	1546
1462	3968
1462	5245
1462	5696
1464	4537
1466	1502
1466	1573
1466	1900
1466	2950
1466	3681
1466	3988
1466	4574
1468	1516
1468	1613
1468	4537
1469	4537
1470	1974
1470	5358
1473	2367
1474	4457
1475	2413
1476	4537
1477	2392
1478	4914
1479	4537
1481	4440
1482	4718
1485	1871
1485	1974
1485	2684
1487	4740
1488	4537
1489	5197
1490	4537
1491	1641
1491	1957
1491	2202
1491	2420
1491	2576
1491	4165
1491	4424
1491	5319
1491	5362
1492	1561
1492	1720
1492	1775
1492	2675
1492	2784
1492	3134
1492	3237
1492	3850
1492	4556
1492	4706
1492	4854
1492	4951
1492	4961
1492	5471
1492	5516
1492	5537
1492	5775
1493	1807
1493	2038
1493	2555
1493	4537
1494	4922
1495	5482
1498	1871
1498	2190
1498	2662
1498	3293
1498	3510
1498	3713
1498	4454
1498	4490
1498	4752
1498	4809
1498	5273
1501	4537
1502	1900
1502	2430
1502	2731
1502	2950
1502	4112
1502	4227
1502	4802
1506	1807
1506	4537
1508	4537
1510	3646
1510	4718
1511	3943
1513	3248
1513	3777
1513	4600
1513	5307
1514	4556
1514	4922
1514	5766
1516	1613
1516	1807
1516	1848
1516	3917
1516	4537
1518	4922
1519	2413
1519	4440
1520	1871
1521	2418
1521	2828
1521	3939
1521	4537
1522	1941
1522	2247
1522	2516
1522	4257
1522	5154
1523	1715
1523	1852
1523	2877
1523	3103
1523	3618
1523	4944
1523	5659
1524	2742
1524	3583
1524	3646
1524	4718
1524	5487
1526	3400
1526	3424
1526	5048
1526	5690
1527	1804
1527	2998
1527	3152
1527	3994
1527	4382
1527	5398
1527	5542
1529	4537
1531	5245
1531	5696
1532	4537
1533	1663
1533	3288
1534	1561
1535	4537
1537	4440
1538	4484
1539	1561
1539	1907
1539	2184
1539	2819
1539	3034
1539	3043
1539	3108
1539	3361
1539	3930
1539	4306
1539	4506
1539	4671
1539	4706
1539	4922
1539	4959
1539	4961
1539	5471
1539	5775
1540	1727
1540	3171
1540	3741
1540	4323
1540	4864
1541	3181
1541	3777
1543	1561
1544	4537
1545	4537
1546	3297
1546	3829
1546	3968
1546	4177
1546	5245
1546	5696
1547	4484
1548	1561
1548	1984
1548	2141
1548	2578
1548	2866
1548	3276
1548	3361
1548	4013
1548	4068
1548	4756
1548	4922
1549	4537
1550	4537
1551	2094
1551	3164
1551	3770
1551	4313
1551	4549
1551	4940
1552	4537
1555	4537
1556	4537
1558	2413
1558	4440
1560	5313
1561	1568
1561	1602
1561	1630
1561	1707
1561	1720
1561	1742
1561	1775
1561	1786
1561	1803
1561	1905
1561	1928
1561	1944
1561	1970
1561	1984
1561	2008
1561	2036
1561	2039
1561	2057
1561	2071
1561	2075
1561	2106
1561	2126
1561	2136
1561	2141
1561	2144
1561	2149
1561	2152
1561	2160
1561	2180
1561	2184
1561	2259
1561	2280
1561	2308
1561	2331
1561	2380
1561	2400
1561	2448
1561	2459
1561	2468
1561	2483
1561	2489
1561	2503
1561	2526
1561	2530
1561	2537
1561	2564
1561	2577
1561	2578
1561	2592
1561	2675
1561	2677
1561	2692
1561	2735
1561	2768
1561	2771
1561	2779
1561	2784
1561	2810
1561	2819
1561	2824
1561	2842
1561	2850
1561	2864
1561	2866
1561	2869
1561	2882
1561	2901
1561	2911
1561	2912
1561	2915
1561	2932
1561	2934
1561	2977
1561	2989
1561	3016
1561	3020
1561	3054
1561	3062
1561	3108
1561	3134
1561	3159
1561	3162
1561	3165
1561	3173
1561	3190
1561	3222
1561	3232
1561	3240
1561	3256
1561	3268
1561	3276
1561	3300
1561	3308
1561	3324
1561	3357
1561	3358
1561	3395
1561	3414
1561	3416
1561	3528
1561	3570
1561	3611
1561	3617
1561	3636
1561	3641
1561	3678
1561	3727
1561	3749
1561	3768
1561	3816
1561	3820
1561	3840
1561	3873
1561	3894
1561	3961
1561	3969
1561	3996
1561	4037
1561	4041
1561	4049
1561	4059
1561	4068
1561	4082
1561	4103
1561	4148
1561	4155
1561	4210
1561	4233
1561	4234
1561	4249
1561	4254
1561	4259
1561	4265
1561	4292
1561	4300
1561	4328
1561	4346
1561	4371
1561	4375
1561	4404
1561	4407
1561	4431
1561	4480
1561	4496
1561	4532
1561	4562
1561	4584
1561	4616
1561	4622
1561	4623
1561	4642
1561	4648
1561	4664
1561	4665
1561	4666
1561	4669
1561	4671
1561	4695
1561	4700
1561	4706
1561	4710
1561	4742
1561	4750
1561	4756
1561	4766
1561	4786
1561	4830
1561	4831
1561	4837
1561	4845
1561	4850
1561	4853
1561	4854
1561	4856
1561	4868
1561	4877
1561	4893
1561	4898
1561	4911
1561	4922
1561	4935
1561	4959
1561	4977
1561	5004
1561	5021
1561	5044
1561	5132
1561	5153
1561	5156
1561	5183
1561	5208
1561	5241
1561	5256
1561	5297
1561	5320
1561	5330
1561	5331
1561	5363
1561	5366
1561	5382
1561	5409
1561	5412
1561	5421
1561	5435
1561	5479
1561	5505
1561	5511
1561	5516
1561	5574
1561	5597
1561	5603
1561	5615
1561	5637
1561	5638
1561	5647
1561	5656
1561	5658
1561	5716
1561	5739
1561	5744
1561	5747
1561	5758
1561	5766
1561	5771
1562	4718
1563	2624
1564	4537
1568	4922
1569	4537
1570	1602
1570	1709
1570	1928
1570	2152
1570	2771
1570	2778
1570	2824
1570	3043
1570	3134
1570	3528
1570	3930
1570	4013
1570	4306
1570	4480
1570	4671
1570	5331
1570	5471
1571	1807
1571	1865
1571	2221
1571	2397
1571	2742
1571	2856
1571	2953
1571	3141
1571	3242
1571	3386
1571	3646
1571	4144
1571	4319
1571	4708
1571	5125
1571	5487
1572	4537
1573	1900
1573	2045
1573	3988
1573	4802
1574	3655
1574	4537
1574	4955
1575	4537
1576	2413
1576	4440
1577	2719
1577	3696
1577	3859
1577	4537
1577	5100
1584	4537
1585	2115
1585	3644
1587	3041
1587	3491
1590	4537
1591	2405
1591	2647
1592	1984
1592	2866
1592	3276
1592	4556
1592	4922
1594	2413
1595	1716
1598	1653
1598	2525
1598	4186
1599	4440
1601	1852
1601	2877
1601	4440
1602	1709
1602	2771
1602	2778
1602	3134
1602	3528
1602	3930
1602	4049
1602	4666
1602	4959
1602	5331
1609	1974
1610	2957
1612	2413
1613	1807
1613	1848
1613	3917
1613	4537
1614	4537
1614	4869
1615	2644
1617	4537
1618	5523
1619	4440
1620	3583
1620	3646
1620	4718
1620	5487
1621	1835
1621	4537
1622	4537
1623	4537
1624	3747
1624	4181
1625	1798
1625	2413
1625	2988
1625	3937
1625	3979
1625	4610
1626	2267
1626	4537
1627	2204
1627	2846
1627	4090
1627	4196
1627	4444
1627	5586
1628	3143
1628	3421
1628	4537
1629	4537
1630	4922
1633	5306
1636	4440
1638	2413
1638	4440
1640	4537
1641	1957
1641	2576
1641	2997
1641	4424
1641	5319
1641	5577
1643	4537
1645	4537
1646	2413
1646	4440
1646	5380
1647	5487
1650	1974
1651	2691
1651	2693
1651	3471
1651	3777
1651	4600
1652	4537
1653	1662
1653	4186
1656	1683
1656	2125
1656	2884
1656	3581
1656	4316
1656	4482
1656	5514
1660	2392
1660	2431
1660	2975
1660	5295
1661	1677
1662	2525
1662	4188
1662	4229
1663	3540
1663	4826
1663	5521
1666	4537
1670	1807
1670	3849
1670	4663
1671	2738
1671	4537
1671	4725
1672	4537
1673	2413
1674	4597
1675	4662
1676	2371
1676	3013
1676	3654
1676	4199
1677	1921
1677	1992
1677	2109
1677	4487
1677	5548
1677	5653
1678	4440
1678	5682
1679	4181
1680	3206
1680	3520
1680	4121
1680	4413
1680	4618
1681	3076
1681	3493
1683	2409
1683	4316
1684	4606
1685	4537
1686	3592
1688	4537
1690	4537
1692	2324
1692	5455
1693	2413
1693	2454
1693	4217
1693	4440
1693	5380
1694	4537
1696	2108
1696	2695
1696	4065
1696	4370
1698	4537
1699	3646
1699	4718
1701	3583
1704	3390
1706	4537
1707	4922
1708	1986
1708	4811
1709	1907
1709	1928
1709	2152
1709	2771
1709	2778
1709	3134
1709	3528
1709	4013
1709	4306
1709	4480
1709	4556
1709	4666
1709	4671
1709	4922
1709	5331
1709	5537
1709	5687
1710	4537
1715	1852
1715	2651
1715	2877
1715	3349
1715	4944
1717	3646
1717	4718
1720	1878
1720	2106
1720	2448
1720	2810
1720	2912
1720	2954
1720	3020
1720	3034
1720	3134
1720	3528
1720	3850
1720	3948
1720	4306
1720	4431
1720	4556
1720	4622
1720	4695
1720	4845
1720	4850
1720	4854
1720	4961
1720	5061
1720	5447
1720	5471
1720	5537
1720	5596
1720	5658
1720	5687
1721	4002
1721	5604
1722	5060
1723	2431
1723	2696
1723	3921
1727	2118
1727	2929
1727	3171
1727	5079
1728	2742
1728	3141
1728	3583
1728	3646
1728	5487
1730	2557
1731	4192
1732	2371
1732	3172
1732	3441
1732	3654
1732	3998
1732	4494
1732	4688
1732	5532
1734	1941
1736	2896
1737	1827
1737	2029
1737	2863
1737	2996
1737	3186
1737	3428
1737	3882
1737	4373
1737	5733
1740	3217
1740	4537
1742	1944
1742	3134
1742	4155
1742	4922
1742	4935
1743	1771
1743	1909
1743	2249
1743	2689
1743	3106
1743	3535
1743	3775
1743	4190
1743	4738
1743	5000
1743	5335
1743	5417
1743	5573
1744	2806
1744	3072
1744	3325
1744	3390
1744	4293
1744	4522
1748	3313
1748	4290
1748	5729
1750	4537
1751	2805
1751	3171
1751	3693
1751	4323
1752	4537
1753	2297
1753	3706
1753	4537
1754	1907
1754	2191
1754	3043
1754	5596
1756	2073
1756	2441
1756	2471
1756	2666
1756	2776
1756	4045
1756	5369
1756	5677
1758	3846
1761	2413
1761	4440
1763	2413
1763	2948
1763	4440
1764	4537
1766	4537
1767	4537
1770	1885
1770	4242
1770	4791
1771	1909
1771	2972
1771	3106
1771	3467
1771	3535
1771	3739
1771	4190
1771	4738
1771	5000
1771	5073
1771	5276
1771	5335
1771	5417
1771	5573
1775	1878
1775	1907
1775	2355
1775	2400
1775	2448
1775	2778
1775	2784
1775	2819
1775	3034
1775	3043
1775	3190
1775	3528
1775	3850
1775	4013
1775	4103
1775	4480
1775	4506
1775	4556
1775	4671
1775	4676
1775	4706
1775	4850
1775	4951
1775	4961
1775	5021
1775	5471
1775	5687
1777	4537
1779	4922
1782	3796
1782	4161
1783	4537
1784	1807
1784	1835
1784	3008
1784	4537
1784	5140
1784	5558
1786	4922
1788	2413
1788	4440
1793	4492
1795	4537
1796	4084
1796	4121
1796	4461
1796	4645
1796	5018
1796	5633
1797	1852
1797	2948
1797	4505
1797	5628
1798	3937
1798	3979
1798	4440
1798	4610
1799	2847
1800	2995
1801	4102
1802	1807
1802	4537
1803	4922
1804	3994
1804	4382
1804	5398
1804	5542
1805	4537
1806	4537
1807	1835
1807	1848
1807	1865
1807	1906
1807	1971
1807	2023
1807	2155
1807	2208
1807	2221
1807	2223
1807	2225
1807	2254
1807	2260
1807	2381
1807	2445
1807	2514
1807	2551
1807	2555
1807	2583
1807	2698
1807	2738
1807	2753
1807	2754
1807	2794
1807	2796
1807	2815
1807	2856
1807	2903
1807	2953
1807	2979
1807	3027
1807	3141
1807	3184
1807	3214
1807	3217
1807	3298
1807	3336
1807	3347
1807	3359
1807	3386
1807	3501
1807	3583
1807	3587
1807	3601
1807	3619
1807	3660
1807	3716
1807	3742
1807	3743
1807	3849
1807	3872
1807	3889
1807	3890
1807	3917
1807	3927
1807	3944
1807	4026
1807	4138
1807	4144
1807	4152
1807	4162
1807	4197
1807	4256
1807	4319
1807	4435
1807	4537
1807	4538
1807	4554
1807	4708
1807	4718
1807	4725
1807	4796
1807	4797
1807	4858
1807	4891
1807	4945
1807	4947
1807	4955
1807	4992
1807	5111
1807	5140
1807	5212
1807	5265
1807	5408
1807	5487
1807	5554
1807	5558
1807	5624
1807	5636
1807	5642
1807	5684
1810	2040
1810	2561
1810	3155
1810	4126
1811	3172
1811	3441
1811	4199
1811	4494
1811	4543
1811	4688
1812	1980
1812	3230
1812	4603
1812	5046
1812	5175
1814	4537
1815	3363
1815	4537
1822	4537
1825	1941
1825	4216
1826	4537
1827	1952
1827	2029
1827	2863
1827	2996
1827	3186
1827	3270
1827	3428
1827	3882
1827	4373
1827	5475
1827	5733
1827	5736
1828	2478
1828	2806
1828	3155
1830	2413
1830	4440
1831	1974
1831	2165
1831	2684
1832	4537
1835	2514
1835	2856
1835	3214
1835	3217
1835	4197
1835	4537
1835	4718
1835	4771
1835	5558
1836	1960
1836	3909
1836	4030
1836	4641
1837	3102
1837	3770
1837	4280
1839	3583
1839	4537
1840	1974
1840	3381
1842	4537
1844	4537
1845	4537
1847	4537
1848	4537
1848	4725
1849	4537
1851	4537
1852	1973
1852	1981
1852	2103
1852	2116
1852	2178
1852	2203
1852	2207
1852	2256
1852	2363
1852	2401
1852	2492
1852	2494
1852	2579
1852	2622
1852	2626
1852	2628
1852	2632
1852	2651
1852	2657
1852	2773
1852	2877
1852	2917
1852	2927
1852	2948
1852	2959
1852	3103
1852	3149
1852	3200
1852	3210
1852	3225
1852	3267
1852	3349
1852	3409
1852	3432
1852	3523
1852	3618
1852	3650
1852	3704
1852	3750
1852	3766
1852	3883
1852	3891
1852	3893
1852	3979
1852	4066
1852	4099
1852	4131
1852	4150
1852	4322
1852	4366
1852	4493
1852	4498
1852	4512
1852	4610
1852	4697
1852	4712
1852	4717
1852	4768
1852	4834
1852	4890
1852	4944
1852	5054
1852	5084
1852	5142
1852	5194
1852	5311
1852	5365
1852	5380
1852	5491
1852	5517
1852	5635
1852	5654
1852	5670
1852	5701
1853	4537
1857	1871
1857	2684
1857	3293
1857	4643
1857	5048
1859	4718
1862	3397
1864	5688
1865	2147
1865	2856
1865	3583
1865	4197
1865	4708
1865	4718
1865	5487
1866	4537
1867	3583
1868	2228
1868	2750
1868	4239
1868	4457
1870	3012
1870	3228
1871	1872
1871	2190
1871	2281
1871	2606
1871	2662
1871	2881
1871	3067
1871	3293
1871	3303
1871	3510
1871	4490
1871	4643
1871	4807
1871	4809
1871	5056
1871	5273
1871	5528
1871	5762
1872	2718
1872	3424
1872	4454
1872	4490
1872	5048
1872	5273
1874	3376
1874	5188
1874	5750
1875	4537
1876	4537
1878	1907
1878	3134
1878	3850
1878	4148
1878	4306
1878	4556
1878	4671
1878	4706
1878	4845
1883	2205
1883	3367
1883	4537
1884	2413
1884	4440
1885	3935
1885	5085
1886	4537
1887	1950
1887	2625
1887	2891
1887	4215
1887	4537
1887	5119
1887	5384
1888	4451
1888	4537
1888	4605
1888	4875
1890	2163
1890	2288
1890	4886
1890	5332
1892	2543
1892	2822
1892	3133
1892	3492
1892	3931
1892	5114
1892	5369
1892	5411
1894	4537
1895	2689
1895	3535
1895	3739
1895	3775
1895	4190
1895	5000
1895	5036
1895	5073
1895	5335
1895	5417
1895	5573
1899	4537
1900	2045
1900	2731
1900	2950
1900	3692
1900	4574
1900	4802
1901	4537
1903	4537
1904	4537
1905	4922
1906	4537
1907	1928
1907	1984
1907	2036
1907	2152
1907	2191
1907	2293
1907	2400
1907	2503
1907	2677
1907	2778
1907	2779
1907	2810
1907	2819
1907	2934
1907	2954
1907	3034
1907	3043
1907	3134
1907	3165
1907	3167
1907	3324
1907	3528
1907	3802
1907	3850
1907	4013
1907	4049
1907	4142
1907	4155
1907	4246
1907	4300
1907	4306
1907	4328
1907	4404
1907	4480
1907	4598
1907	4616
1907	4850
1907	4959
1907	4973
1907	5255
1907	5397
1907	5409
1907	5596
1907	5687
1907	5771
1907	5775
1909	2249
1909	2972
1909	3106
1909	3739
1909	3775
1909	4190
1909	4738
1909	5000
1909	5073
1909	5276
1909	5335
1909	5417
1909	5573
1910	4537
1912	1941
1913	1974
1913	4436
1913	5772
1914	2413
1914	4038
1914	4267
1914	4440
1916	1974
1916	2684
1916	5581
1918	4537
1921	1992
1921	3272
1921	3599
1921	4339
1921	5029
1921	5548
1921	5653
1923	2633
1923	2973
1923	3902
1923	5486
1924	4537
1927	2204
1927	2379
1927	4196
1927	4444
1928	2152
1928	2778
1928	2934
1928	3034
1928	3043
1928	3134
1928	3528
1928	3850
1928	4306
1928	4480
1928	4556
1928	4616
1928	4706
1928	4922
1928	4951
1928	4959
1928	5331
1928	5537
1929	3325
1930	3072
1930	3390
1931	4537
1936	4602
1937	3930
1938	4922
1939	2038
1939	4537
1940	4537
1941	2129
1941	2156
1941	2247
1941	2304
1941	2396
1941	2403
1941	2516
1941	2520
1941	2533
1941	2637
1941	2829
1941	3262
1941	3340
1941	3399
1941	3458
1941	3725
1941	4050
1941	4220
1941	4257
1941	4312
1941	4432
1941	4500
1941	5017
1941	5117
1941	5154
1941	5305
1941	5360
1941	5386
1941	5543
1943	4537
1944	2448
1944	3134
1944	4155
1944	4246
1944	4922
1944	4935
1946	5630
1947	2413
1947	4440
1948	2684
1948	4179
1949	4537
1950	4537
1952	2029
1952	2706
1953	2413
1957	2420
1957	2727
1957	3299
1957	3662
1957	4962
1957	5362
1958	3930
1958	5537
1960	3404
1960	3909
1960	4030
1960	4641
1963	2786
1964	4537
1966	4409
1967	2190
1967	3293
1967	3424
1967	3677
1967	4453
1967	4454
1967	4490
1967	5273
1969	2413
1969	4440
1971	2794
1971	3214
1971	3217
1971	3247
1971	3655
1971	3743
1971	4162
1971	4197
1971	4537
1971	4708
1971	4718
1971	5109
1971	5111
1971	5427
1971	5636
1973	4440
1974	1983
1974	1994
1974	2041
1974	2090
1974	2165
1974	2214
1974	2229
1974	2276
1974	2294
1974	2364
1974	2412
1974	2435
1974	2457
1974	2458
1974	2475
1974	2481
1974	2502
1974	2518
1974	2527
1974	2550
1974	2563
1974	2591
1974	2604
1974	2652
1974	2694
1974	2710
1974	2723
1974	2743
1974	2763
1974	2767
1974	2775
1974	2791
1974	2803
1974	2999
1974	3011
1974	3018
1974	3035
1974	3038
1974	3123
1974	3132
1974	3146
1974	3183
1974	3194
1974	3207
1974	3209
1974	3258
1974	3278
1974	3332
1974	3380
1974	3381
1974	3423
1974	3476
1974	3478
1974	3480
1974	3522
1974	3533
1974	3577
1974	3614
1974	3622
1974	3682
1974	3683
1974	3697
1974	3779
1974	3811
1974	3844
1974	3903
1974	3910
1974	3925
1974	3945
1974	3983
1974	3999
1974	4003
1974	4023
1974	4043
1974	4139
1974	4149
1974	4180
1974	4198
1974	4295
1974	4297
1974	4308
1974	4333
1974	4436
1974	4446
1974	4476
1974	4519
1974	4575
1974	4617
1974	4677
1974	4679
1974	4807
1974	4843
1974	4899
1974	4921
1974	4924
1974	4929
1974	4930
1974	4946
1974	4950
1974	5001
1974	5043
1974	5092
1974	5135
1974	5203
1974	5213
1974	5250
1974	5358
1974	5392
1974	5395
1974	5406
1974	5528
1974	5569
1974	5581
1974	5589
1974	5609
1974	5627
1974	5772
1974	5773
1978	3102
1978	3770
1978	3921
1978	4940
1978	5263
1978	5530
1978	5742
1979	4833
1980	2113
1980	4724
1980	5046
1982	4537
1983	3018
1983	5092
1984	2866
1984	3495
1984	3930
1984	3976
1984	4306
1984	4375
1984	4567
1984	4671
1984	5044
1986	2925
1989	2413
1989	4440
1990	5310
1992	3272
1992	3599
1992	4339
1992	5029
1992	5653
1994	2294
1994	2684
1994	3480
1994	3925
1994	4436
1995	5493
1995	5643
1996	4537
1997	4537
2000	2298
2000	3594
2000	3960
2000	5430
2001	3398
2001	4110
2002	4537
2006	3408
2006	3500
2006	4200
2006	4805
2006	5066
2006	5390
2006	5512
2007	4537
2008	4706
2008	4922
2009	4537
2010	4537
2010	4955
2011	4537
2012	4537
2013	4537
2014	4537
2016	4537
2016	4751
2018	4763
2019	4537
2020	4537
2022	4537
2023	3141
2023	3217
2023	4144
2023	4319
2023	5487
2024	4537
2025	4440
2026	4537
2027	2164
2028	2413
2028	5380
2029	2863
2029	2996
2029	3186
2029	3270
2029	3428
2029	4373
2029	5475
2029	5733
2029	5736
2033	4537
2034	2129
2034	2247
2034	2519
2034	2520
2034	5017
2035	4537
2036	2280
2036	2448
2036	2675
2036	3134
2036	3930
2036	4616
2036	4706
2036	5537
2036	5775
2038	2979
2038	4537
2039	4922
2040	2806
2040	3155
2040	4126
2040	4426
2041	2763
2041	2775
2042	4537
2045	3681
2045	4574
2045	4802
2047	4537
2048	4537
2050	4537
2051	5182
2051	5762
2052	4537
2053	4537
2054	4537
2055	2413
2055	4440
2057	3358
2057	4922
2058	4537
2060	3224
2060	4817
2060	5583
2060	5607
2061	4537
2065	3126
2065	3288
2065	5177
2065	5521
2066	4537
2069	3524
2070	4537
2071	3134
2071	3930
2071	4666
2071	4922
2071	5471
2072	3097
2072	4537
2073	2441
2073	2666
2075	4922
2076	4440
2078	4537
2082	4477
2083	4537
2084	3578
2084	3895
2084	4239
2086	3530
2088	2413
2088	4440
2089	2413
2089	4440
2090	2775
2091	4537
2093	2413
2093	4178
2093	4440
2093	5121
2093	5667
2094	2392
2094	3102
2094	3164
2094	5530
2096	2320
2096	2793
2096	3172
2096	3260
2096	3437
2096	3441
2096	3609
2096	4024
2096	4199
2096	4543
2096	4729
2096	5232
2097	5274
2100	4537
2101	3619
2101	4537
2101	5212
2103	4440
2104	2785
2104	2940
2104	3582
2104	3691
2104	3835
2104	4624
2104	4673
2104	4859
2104	5057
2104	5110
2104	5731
2105	4440
2106	2819
2106	2869
2106	2934
2106	3043
2106	3840
2106	3850
2106	4496
2106	4671
2106	4977
2106	5006
2106	5255
2106	5447
2106	5511
2106	5537
2107	2450
2107	2532
2107	3590
2107	4736
2107	4855
2108	4370
2109	2575
2109	3497
2109	4339
2109	5653
2112	4522
2113	3230
2113	4192
2113	4887
2113	5046
2113	5576
2114	2856
2114	4537
2114	4734
2114	4804
2114	5636
2115	3644
2116	4440
2118	2851
2118	5079
2119	2237
2119	5028
2119	5165
2121	4537
2122	4537
2123	3930
2124	3877
2126	3134
2126	4922
2126	5447
2127	3646
2127	4718
2128	3281
2129	3725
2129	4312
2129	5564
2130	4537
2130	4708
2131	4537
2133	4537
2134	4335
2136	2489
2136	3419
2137	3939
2137	4537
2137	4858
2139	4537
2140	4537
2141	2578
2141	3641
2141	4013
2141	4068
2141	4922
2142	4440
2143	3153
2144	3850
2144	3930
2144	4922
2144	5471
2144	5537
2145	4537
2147	3217
2147	3646
2147	4708
2147	4718
2147	5487
2148	2413
2148	4440
2149	2191
2149	3962
2149	4041
2151	3935
2152	2448
2152	2934
2152	3134
2152	3354
2152	3930
2152	4622
2152	4666
2152	4706
2152	4920
2152	5537
2153	2399
2153	3733
2154	4484
2154	4537
2155	2225
2155	4537
2155	4708
2156	2247
2156	2403
2156	2516
2156	2533
2156	3262
2156	3340
2156	3399
2156	4500
2156	5117
2156	5154
2156	5305
2156	5360
2157	4537
2158	4440
2160	4922
2161	5104
2163	2288
2163	4886
2163	5332
2165	2684
2168	4537
2170	4537
2172	4537
2177	4537
2177	4955
2178	2948
2178	4440
2179	4718
2180	4922
2181	2413
2181	4440
2183	4537
2184	2819
2184	3043
2184	3361
2184	3930
2184	4506
2184	4706
2184	4922
2184	5537
2185	4537
2188	3440
2190	2284
2190	2662
2190	3293
2190	3333
2190	3809
2190	3841
2190	4094
2190	4318
2190	4454
2190	4490
2190	4643
2190	4809
2190	5133
2190	5273
2190	5690
2191	3134
2191	3850
2191	3930
2191	3962
2191	5537
2192	2837
2192	5022
2195	4537
2197	2683
2197	3415
2198	4163
2199	4537
2201	4537
2202	2334
2202	2420
2202	2576
2202	2887
2202	3662
2202	4165
2202	5031
2202	5362
2203	4440
2204	2846
2204	4090
2204	4196
2204	4444
2204	5115
2204	5586
2205	4537
2206	4537
2207	4440
2208	4537
2213	4537
2214	2684
2214	3844
2214	4950
2216	4699
2219	4537
2221	2314
2221	3141
2221	3583
2221	3646
2221	4319
2221	4422
2221	5487
2223	4537
2225	2856
2225	3217
2225	4197
2225	4537
2225	4708
2225	4718
2227	4537
2231	4495
2231	4510
2231	5662
2232	2413
2232	4440
2233	4537
2234	4537
2236	2266
2237	2788
2237	5028
2238	2749
2238	4006
2238	5324
2238	5583
2238	5676
2239	4537
2240	4537
2241	3104
2241	3206
2241	3871
2241	4084
2241	4121
2242	4537
2243	5643
2247	2516
2247	2519
2247	5564
2248	3782
2248	4380
2249	3535
2249	3775
2251	2413
2251	4440
2251	5659
2252	2785
2252	3582
2252	4077
2252	4859
2252	5546
2253	5485
2254	3217
2254	4537
2254	4718
2257	4537
2258	4537
2259	3930
2259	4049
2259	4922
2260	2856
2260	3214
2260	3217
2260	4197
2260	4537
2260	4708
2260	4718
2260	5527
2263	3787
2266	3044
2266	3273
2267	4537
2269	4448
2270	2450
2270	2517
2270	2559
2271	5727
2272	2909
2274	4537
2275	3390
2275	4522
2275	5757
2276	2684
2276	3844
2276	4950
2276	5773
2277	4537
2278	2396
2278	3221
2278	3725
2278	3797
2278	4220
2280	3930
2280	5537
2281	3424
2282	3968
2282	5696
2283	2733
2284	2662
2284	3809
2284	4094
2284	4454
2284	5133
2284	5273
2284	5690
2285	2288
2285	4443
2285	4630
2285	4886
2285	5205
2285	5332
2286	4537
2287	2462
2287	4537
2288	4630
2288	4886
2288	5332
2289	4440
2290	3587
2290	3655
2290	4537
2290	4540
2290	4771
2291	4922
2293	3930
2293	5537
2294	3480
2294	5772
2297	4537
2299	3083
2299	4678
2300	2788
2302	4537
2304	2403
2304	2520
2304	2533
2304	4257
2304	5154
2305	2414
2305	2815
2305	2898
2305	3051
2305	3655
2305	4130
2305	4537
2305	4734
2305	4955
2305	5427
2305	5697
2307	4537
2308	3237
2308	3930
2310	4440
2312	3272
2312	4339
2312	4487
2312	4803
2312	5029
2312	5548
2312	5653
2314	3583
2315	4537
2315	4923
2316	4537
2318	4537
2320	2407
2320	2793
2320	3114
2320	3172
2320	3260
2320	3437
2320	3441
2320	3609
2320	3998
2320	4024
2320	4729
2320	5219
2320	5232
2320	5233
2322	2958
2322	4011
2322	5279
2323	4262
2326	2634
2331	4922
2332	5128
2334	2420
2334	2576
2334	2887
2334	4962
2334	5362
2335	2693
2335	3777
2335	4115
2335	5307
2336	4537
2337	4537
2338	3212
2339	2785
2339	3582
2339	3691
2339	3835
2339	4388
2339	4624
2339	4859
2339	5057
2339	5110
2339	5459
2339	5731
2340	4537
2342	2413
2342	4440
2347	2413
2348	2379
2348	2476
2348	2479
2348	2668
2348	2918
2348	3723
2348	4090
2348	4102
2353	2684
2353	4454
2355	3930
2355	4306
2355	4671
2355	5471
2355	5537
2357	2413
2357	4440
2362	3137
2362	3563
2363	2877
2363	4440
2365	4537
2366	2413
2366	4440
2369	2631
2369	2851
2369	2929
2369	3171
2369	4864
2370	2940
2370	3345
2370	3582
2370	3916
2370	4344
2371	3013
2371	3260
2371	3574
2371	4024
2371	4982
2371	5754
2372	4537
2373	3335
2375	2379
2375	2476
2375	2479
2375	2668
2375	4090
2375	4102
2375	4515
2375	4767
2379	2668
2379	2801
2379	2918
2379	3723
2379	4102
2379	4444
2379	4515
2379	4767
2379	5340
2379	5359
2380	3020
2380	4142
2380	4977
2380	5537
2381	3347
2381	4537
2381	4725
2381	5751
2383	3424
2383	4490
2383	5273
2384	2936
2384	3524
2387	4440
2387	5380
2389	2562
2389	5271
2391	4473
2392	2460
2392	4363
2392	5295
2392	5552
2396	5564
2396	5703
2397	2742
2397	3095
2397	3141
2397	3583
2397	3646
2397	4708
2397	4718
2397	5487
2399	3623
2400	2448
2400	2677
2400	3034
2400	3300
2400	3528
2400	3636
2400	3790
2400	3930
2400	4556
2400	4922
2400	5511
2400	5537
2400	5687
2401	2651
2401	3349
2401	4944
2403	2516
2403	2533
2403	3262
2403	3340
2403	3399
2403	4500
2403	5117
2403	5154
2403	5305
2403	5360
2403	5386
2405	5621
2406	5079
2407	3441
2407	3609
2407	3654
2407	3998
2407	4024
2407	4199
2407	4494
2407	4543
2407	5219
2407	5233
2408	2413
2408	4440
2408	5380
2410	4537
2413	2416
2413	2426
2413	2454
2413	2511
2413	2529
2413	2534
2413	2547
2413	2566
2413	2597
2413	2603
2413	2630
2413	2632
2413	2656
2413	2674
2413	2680
2413	2697
2413	2752
2413	2760
2413	2762
2413	2770
2413	2811
2413	2941
2413	2949
2413	2967
2413	2969
2413	2971
2413	2988
2413	3036
2413	3048
2413	3050
2413	3069
2413	3166
2413	3208
2413	3244
2413	3327
2413	3329
2413	3343
2413	3344
2413	3388
2413	3392
2413	3406
2413	3444
2413	3475
2413	3479
2413	3482
2413	3490
2413	3504
2413	3550
2413	3557
2413	3567
2413	3603
2413	3606
2413	3631
2413	3666
2413	3668
2413	3762
2413	3832
2413	3848
2413	3949
2413	3950
2413	3989
2413	4038
2413	4057
2413	4066
2413	4067
2413	4085
2413	4178
2413	4195
2413	4217
2413	4222
2413	4237
2413	4241
2413	4267
2413	4341
2413	4351
2413	4378
2413	4386
2413	4505
2413	4514
2413	4529
2413	4628
2413	4636
2413	4657
2413	4668
2413	4694
2413	4747
2413	4757
2413	4764
2413	4816
2413	4848
2413	4964
2413	4975
2413	4998
2413	5050
2413	5059
2413	5087
2413	5091
2413	5097
2413	5116
2413	5118
2413	5121
2413	5136
2413	5142
2413	5150
2413	5151
2413	5168
2413	5198
2413	5225
2413	5248
2413	5294
2413	5348
2413	5364
2413	5380
2413	5381
2413	5404
2413	5480
2413	5497
2413	5534
2413	5562
2413	5651
2413	5667
2413	5668
2413	5669
2413	5680
2413	5701
2413	5735
2413	5761
2414	4537
2414	4955
2416	4440
2417	4537
2418	2828
2418	3939
2418	4537
2420	2576
2420	3299
2420	4424
2420	4962
2420	5319
2420	5362
2420	5577
2421	2765
2421	3064
2421	3731
2421	4192
2421	5476
2422	4537
2428	3366
2431	4034
2431	5742
2432	4537
2435	3484
2435	5092
2436	4537
2437	2794
2437	2856
2437	4537
2437	5636
2438	4537
2441	2471
2441	2666
2442	4537
2445	2738
2445	2880
2445	3511
2445	4137
2445	4537
2445	5065
2445	5070
2446	4537
2447	2667
2448	2577
2448	2677
2448	2778
2448	2819
2448	2934
2448	3034
2448	3790
2448	3850
2448	4013
2448	4148
2448	4506
2448	4695
2448	4706
2448	4845
2448	4854
2448	4973
2448	5006
2448	5021
2448	5471
2448	5537
2448	5596
2448	5687
2448	5716
2450	4855
2451	4440
2454	4217
2454	4440
2454	5121
2456	4537
2458	3018
2458	5092
2459	3416
2459	3611
2459	4665
2459	4922
2461	3362
2461	4209
2462	3561
2462	4537
2462	4708
2462	5389
2463	4537
2464	5537
2466	2524
2466	3248
2466	4224
2466	4895
2466	5307
2469	4537
2471	2666
2472	4537
2472	4955
2473	4440
2476	2668
2476	2846
2476	3723
2476	4102
2476	4444
2476	4515
2478	4426
2478	5338
2479	2668
2479	2801
2479	2918
2479	3723
2479	4102
2479	4444
2479	4515
2479	4767
2479	5115
2479	5340
2480	2940
2480	3582
2480	4859
2484	4440
2487	4537
2488	4537
2489	2810
2489	4431
2489	4850
2489	4922
2489	5471
2490	4537
2491	4537
2492	2626
2492	4944
2493	3491
2493	4646
2494	2651
2494	3349
2494	4944
2494	5142
2496	2793
2496	3013
2496	3441
2496	4543
2497	4537
2498	4537
2499	4922
2501	2963
2501	3137
2502	2684
2503	2677
2503	2912
2503	3222
2503	3300
2503	3790
2503	3802
2503	4480
2503	4556
2503	4671
2503	5511
2503	5716
2507	4537
2508	2671
2510	4288
2510	4356
2510	5604
2511	4440
2512	3748
2514	3927
2514	4537
2514	4804
2516	2533
2516	3262
2516	3340
2516	3399
2516	4050
2516	4257
2516	4432
2516	4500
2516	5117
2516	5154
2516	5305
2516	5360
2517	2559
2517	3580
2517	3637
2517	4855
2517	5621
2519	3725
2519	5017
2519	5564
2520	5564
2521	4537
2522	2565
2522	4537
2523	4537
2524	2691
2524	3181
2524	3248
2524	4799
2525	3158
2526	3802
2526	3930
2526	4480
2526	4496
2526	4671
2526	5447
2526	5511
2526	5537
2526	5716
2528	4440
2530	4922
2532	4855
2533	3262
2533	3340
2533	3399
2533	4432
2533	4500
2533	5117
2533	5154
2533	5305
2533	5360
2533	5386
2534	4440
2535	2966
2535	4537
2536	2636
2536	5188
2537	4584
2539	3324
2539	3948
2539	4300
2539	4922
2539	5537
2539	5596
2542	4537
2543	3133
2543	3931
2543	5114
2543	5369
2545	4440
2546	4537
2549	4537
2551	3214
2551	4162
2551	4537
2551	4822
2551	4955
2551	5636
2552	3080
2552	4537
2554	4537
2555	4537
2556	4537
2559	3590
2559	3637
2559	4855
2559	5375
2560	4242
2561	2746
2563	2684
2564	4922
2565	2856
2565	3217
2565	4197
2565	4537
2565	4708
2565	4718
2566	4440
2567	3930
2567	4922
2574	4374
2574	4537
2575	3497
2576	3299
2576	3662
2576	4165
2576	4962
2576	5362
2577	3930
2577	4922
2577	5006
2577	5537
2578	4013
2578	4922
2581	4440
2583	4537
2584	4537
2585	5012
2587	2855
2587	3083
2587	3249
2587	4678
2587	5756
2588	4537
2589	4537
2591	3258
2592	4922
2594	3782
2596	4537
2597	4440
2598	2852
2598	4174
2601	4537
2603	2877
2603	4440
2605	4537
2606	2684
2606	3293
2609	5000
2611	4537
2613	3090
2615	4537
2618	4537
2619	4537
2622	5142
2625	4537
2626	2651
2626	2877
2626	3349
2626	4944
2627	4967
2628	5380
2629	4922
2630	4440
2631	3741
2631	4864
2632	4944
2633	2648
2633	2973
2633	3235
2633	3312
2633	3500
2633	3902
2633	4826
2633	5623
2634	3876
2634	4290
2640	2738
2640	2796
2640	2880
2640	3878
2640	4137
2640	4537
2640	5070
2641	4537
2642	4537
2643	4537
2645	3714
2645	4537
2646	4537
2647	5621
2651	2877
2651	2927
2651	3103
2651	3349
2651	3432
2651	3979
2651	4099
2651	4944
2657	4440
2658	4537
2662	3293
2662	3809
2662	3841
2662	4094
2662	4454
2662	4490
2662	4809
2662	5133
2662	5273
2662	5690
2663	4866
2664	4537
2665	4537
2668	4090
2668	5359
2674	4440
2675	2778
2675	3237
2675	3361
2675	3790
2675	3930
2675	4506
2675	5537
2677	3300
2677	3802
2677	4706
2677	4922
2678	4537
2680	4440
2682	4440
2683	3531
2683	3867
2684	2763
2684	2775
2684	3035
2684	3209
2684	3238
2684	3278
2684	3333
2684	3480
2684	3545
2684	3695
2684	3809
2684	3811
2684	3841
2684	3925
2684	3999
2684	4003
2684	4297
2684	4308
2684	4436
2684	4446
2684	4643
2684	4677
2684	4743
2684	4773
2684	4899
2684	4924
2684	4950
2684	5043
2684	5182
2684	5213
2684	5250
2684	5259
2684	5358
2684	5392
2684	5395
2684	5494
2684	5528
2684	5691
2684	5707
2684	5772
2689	3106
2689	3467
2689	4738
2689	5036
2689	5073
2689	5335
2689	5417
2691	3181
2691	4017
2691	4224
2692	4922
2693	3142
2693	3791
2693	5307
2696	2975
2697	4440
2698	3646
2698	4718
2700	4537
2701	4537
2710	3811
2714	4537
2718	5273
2719	4537
2719	5100
2720	4537
2721	2776
2721	3374
2721	5369
2721	5391
2722	4537
2724	4537
2726	4537
2727	4165
2727	4424
2727	4962
2727	5319
2727	5577
2731	4227
2731	4574
2731	4802
2734	4537
2735	4922
2736	3592
2737	4833
2738	2796
2738	2880
2738	3878
2738	3964
2738	4137
2738	4537
2738	4725
2738	5065
2738	5070
2742	3141
2742	3583
2742	3646
2742	4144
2742	4394
2742	5487
2745	4537
2746	3072
2748	4537
2749	4647
2749	5676
2751	4537
2752	4440
2753	4537
2754	3501
2754	4015
2754	4537
2756	3058
2756	3881
2757	3930
2757	4922
2757	5537
2760	4440
2761	2844
2761	4670
2762	4440
2764	4855
2765	4384
2765	4603
2765	5175
2765	5286
2768	4922
2769	4922
2771	2778
2771	3134
2771	3528
2771	4049
2771	4666
2771	4671
2771	4922
2771	5331
2773	4440
2775	4476
2778	2954
2778	3043
2778	3283
2778	3354
2778	3361
2778	3528
2778	3790
2778	3850
2778	4013
2778	4049
2778	4148
2778	4480
2778	4506
2778	4622
2778	4671
2778	4695
2778	4706
2778	4750
2778	4898
2778	4961
2778	5255
2778	5331
2778	5471
2778	5537
2778	5656
2779	3930
2779	4671
2779	4706
2780	3519
2781	4537
2784	4922
2785	3345
2785	3661
2785	3665
2785	3835
2785	3978
2785	4077
2785	4388
2785	4624
2785	4673
2785	4755
2785	4859
2785	5057
2785	5449
2785	5459
2785	5546
2785	5626
2785	5731
2793	3172
2793	3260
2793	3437
2793	3441
2793	3609
2793	4024
2793	4199
2793	4543
2793	4729
2793	5219
2793	5232
2793	5233
2794	2856
2794	3214
2794	3217
2794	4537
2794	4708
2794	4718
2794	5111
2794	5558
2794	5636
2796	2880
2796	3878
2796	3964
2796	4137
2796	4537
2796	5070
2797	4537
2801	2918
2801	3723
2801	4090
2801	4102
2801	4515
2801	4767
2801	5359
2805	4323
2806	3390
2806	4126
2806	4293
2809	4440
2810	3134
2810	3930
2810	4306
2810	4431
2810	4671
2810	4845
2810	4850
2810	5042
2810	5421
2810	5471
2810	5775
2811	4440
2812	4537
2813	4537
2814	4091
2815	3217
2815	3247
2815	4537
2815	4660
2815	4708
2815	4718
2815	5555
2818	4440
2819	2934
2819	2977
2819	3034
2819	3043
2819	3134
2819	3636
2819	3850
2819	4300
2819	4480
2819	4622
2819	4706
2819	4845
2819	4850
2819	4922
2819	4961
2819	5021
2819	5471
2819	5596
2819	5687
2819	5771
2820	4537
2822	3133
2822	3257
2822	3492
2822	3929
2822	3931
2822	4779
2822	5114
2822	5369
2822	5411
2822	5423
2824	5004
2824	5719
2825	4537
2826	4552
2826	4626
2826	5103
2828	3939
2828	4537
2830	3134
2830	4666
2832	4662
2833	4537
2833	4708
2834	4537
2837	5022
2838	4537
2839	5443
2841	4537
2842	4922
2843	3333
2843	3484
2843	5048
2843	5288
2845	3005
2845	3567
2845	4440
2845	4610
2845	5150
2846	4090
2846	4444
2847	4301
2850	4922
2851	2929
2851	4323
2851	4602
2851	5079
2852	4028
2854	4537
2855	3083
2855	4390
2856	3141
2856	3214
2856	3217
2856	3583
2856	3719
2856	4162
2856	4197
2856	4319
2856	4379
2856	4484
2856	4537
2856	4718
2856	4751
2856	4927
2856	4945
2856	5111
2856	5487
2856	5558
2856	5636
2857	4537
2858	4537
2862	4922
2863	2996
2863	3186
2863	3270
2863	3428
2863	5733
2864	4922
2865	3072
2866	4556
2866	4922
2869	3930
2869	4556
2869	5537
2871	3081
2871	4110
2874	3770
2876	4537
2877	2948
2877	3103
2877	3349
2877	3409
2877	3618
2877	3650
2877	4066
2877	4322
2877	4440
2877	4493
2877	4610
2877	4834
2877	4944
2877	5151
2877	5562
2879	4537
2880	3878
2880	4137
2880	4537
2880	5065
2880	5070
2881	3400
2881	3424
2881	3602
2881	3677
2881	4179
2881	4807
2881	5048
2882	2989
2882	3930
2882	3961
2884	4316
2884	5514
2886	4537
2887	4165
2887	5031
2887	5318
2887	5362
2889	4965
2890	4115
2891	4537
2891	4751
2891	5119
2892	3619
2892	4537
2898	3214
2898	3655
2898	4537
2902	3072
2903	4537
2906	4537
2907	4440
2908	4537
2911	4898
2912	3790
2912	4695
2912	4961
2913	4537
2914	5485
2915	4616
2915	4922
2915	5537
2917	4440
2918	3723
2918	4090
2918	4102
2918	4515
2918	4767
2918	5359
2922	4537
2922	4955
2923	4537
2925	4811
2926	4718
2929	4864
2930	4537
2932	4922
2932	5603
2934	3034
2934	4616
2934	4706
2934	4951
2934	4973
2934	5471
2934	5596
2936	2955
2940	3538
2940	3661
2940	3835
2940	3874
2940	4388
2940	4624
2940	4673
2940	4859
2940	5057
2940	5626
2940	5731
2941	4440
2941	5151
2942	4537
2944	4537
2946	4672
2948	4944
2949	4440
2950	4112
2950	4802
2953	4319
2954	3034
2954	3134
2954	3283
2954	3300
2954	3354
2954	3636
2954	3850
2954	3930
2954	4013
2954	4480
2954	4506
2954	4961
2954	5511
2954	5537
2954	5596
2954	5687
2955	3524
2957	3264
2957	3376
2959	4440
2960	4537
2963	4491
2963	5553
2966	4537
2967	4440
2968	4537
2969	4440
2971	4440
2972	3106
2972	3467
2972	3739
2972	4190
2972	4738
2972	5000
2972	5073
2972	5276
2972	5335
2972	5417
2972	5573
2973	3288
2973	3902
2975	3765
2975	4313
2976	4537
2977	3108
2977	3134
2977	3850
2977	3930
2977	4013
2977	4300
2977	4306
2977	4404
2977	4480
2977	4622
2977	4845
2977	4922
2977	5537
2977	5771
2977	5775
2979	4537
2979	5559
2980	5342
2981	4174
2981	5640
2984	4842
2985	4537
2987	4537
2988	3937
2988	3979
2988	5380
2989	4856
2989	5241
2989	5593
2990	4112
2993	3974
2996	3186
2996	3428
2996	4373
2996	5733
2997	4165
3001	4163
3002	3090
3004	4537
3005	3567
3006	4537
3008	4537
3010	4537
3011	4446
3011	4924
3011	5406
3011	5589
3012	3228
3013	4199
3014	4537
3016	4922
3017	4537
3018	4743
3018	4930
3018	5092
3019	3717
3020	3237
3020	4142
3020	4922
3021	4537
3024	3930
3024	4922
3025	4537
3026	4537
3027	4537
3027	5624
3030	4537
3034	3108
3034	3528
3034	3930
3034	4480
3034	4706
3034	4951
3034	4959
3034	5397
3034	5471
3034	5596
3034	5687
3034	5775
3036	4440
3037	3362
3037	5120
3037	5734
3040	4671
3040	4854
3040	4922
3041	3491
3041	4646
3042	4537
3043	3134
3043	3354
3043	3361
3043	3528
3043	3820
3043	3850
3043	4300
3043	4306
3043	4480
3043	4556
3043	4671
3043	4695
3043	4706
3043	4845
3043	4961
3043	5255
3043	5447
3043	5471
3043	5537
3043	5596
3043	5775
3046	4537
3048	4440
3051	3184
3051	3655
3051	4537
3051	4955
3052	4537
3053	4537
3054	4922
3055	4537
3055	5456
3056	4537
3058	3881
3060	4484
3061	4440
3062	4671
3062	4922
3062	5596
3063	3646
3064	5476
3067	3400
3067	3484
3067	3602
3067	3677
3067	4179
3067	4807
3067	5690
3068	4537
3069	4440
3072	4095
3072	4293
3072	5130
3072	5524
3074	4537
3075	4537
3076	3077
3076	3131
3076	3464
3076	3493
3076	4545
3077	3493
3077	3659
3077	4545
3078	4440
3079	4922
3080	4537
3081	4110
3083	3249
3083	4390
3083	4678
3084	4718
3085	4537
3087	4537
3091	4440
3095	4537
3095	5394
3096	3846
3097	3889
3097	4463
3097	4537
3097	5408
3102	3770
3102	4940
3102	5530
3103	4944
3104	4121
3104	4397
3104	4413
3104	5018
3105	4537
3106	3467
3106	3739
3106	4190
3106	4738
3106	5000
3106	5073
3106	5276
3106	5335
3106	5417
3106	5573
3108	4254
3108	4306
3108	4671
3108	4922
3108	4961
3108	5596
3108	5775
3112	4537
3114	3172
3114	3437
3114	3441
3114	3609
3114	4024
3114	4199
3114	4543
3114	4729
3114	5219
3114	5232
3114	5233
3115	4537
3115	5636
3118	4537
3120	4537
3121	5186
3122	4537
3127	4537
3129	4537
3131	3493
3131	3659
3133	3257
3133	3374
3133	3492
3133	3929
3133	3931
3133	5114
3133	5369
3133	5411
3134	3167
3134	3237
3134	3528
3134	3820
3134	4013
3134	4155
3134	4246
3134	4300
3134	4306
3134	4480
3134	4556
3134	4622
3134	4666
3134	4695
3134	4845
3134	4935
3134	4959
3134	5021
3134	5134
3134	5255
3134	5331
3134	5447
3134	5471
3134	5574
3134	5596
3134	5687
3134	5771
3135	4922
3138	4672
3140	3415
3140	5469
3141	3412
3141	3583
3141	3646
3141	4144
3141	4394
3141	4708
3141	4718
3141	5487
3143	4537
3144	4537
3145	4473
3147	3460
3147	4537
3148	4440
3149	4440
3151	4537
3152	3994
3152	5398
3155	3390
3155	4126
3155	4293
3155	4522
3157	4537
3159	3930
3160	3524
3162	3930
3162	5134
3162	5574
3164	4940
3165	4922
3166	4440
3167	3850
3167	4148
3167	4300
3167	4556
3167	4961
3167	5537
3170	4537
3171	4323
3171	5079
3172	3260
3172	3437
3172	3441
3172	3609
3172	3654
3172	4024
3172	4543
3172	4729
3172	5232
3172	5233
3172	5532
3173	3930
3173	4671
3174	4537
3175	4537
3176	4537
3177	4718
3177	5487
3179	4537
3180	4055
3180	5498
3181	3777
3181	5307
3182	3438
3182	4560
3184	3214
3184	3217
3184	3655
3184	4197
3184	4537
3184	4708
3184	4718
3184	4734
3184	5697
3186	3428
3186	3882
3186	4373
3186	5733
3187	4537
3188	4635
3188	5688
3189	4537
3190	4676
3190	4922
3191	4537
3192	5068
3196	4537
3197	4922
3198	4537
3199	5523
3201	4537
3202	4537
3203	4537
3205	4817
3205	5324
3206	4084
3206	4397
3206	5018
3210	4440
3211	4537
3211	4955
3212	4335
3212	5199
3213	4484
3213	4537
3214	3217
3214	3719
3214	3743
3214	4162
3214	4182
3214	4197
3214	4319
3214	4372
3214	4379
3214	4484
3214	4537
3214	4718
3214	4814
3214	4927
3214	4945
3214	5206
3214	5427
3214	5487
3214	5510
3214	5749
3215	4484
3215	4718
3216	3404
3217	3298
3217	3336
3217	3359
3217	3460
3217	3660
3217	3742
3217	3743
3217	3808
3217	3822
3217	3838
3217	4197
3217	4212
3217	4379
3217	4421
3217	4484
3217	4663
3217	4708
3217	4751
3217	4785
3217	4796
3217	4945
3217	4955
3217	5111
3217	5147
3217	5149
3217	5253
3217	5339
3217	5636
3219	3930
3221	3797
3221	4216
3221	5703
3222	3300
3222	3930
3224	3800
3224	5583
3227	4537
3230	4603
3230	4763
3230	5019
3230	5175
3232	3930
3232	4922
3233	4922
3235	5177
3237	3850
3237	4306
3237	4706
3237	4845
3237	5471
3237	5537
3239	3935
3240	3930
3240	4671
3241	4428
3242	3646
3242	4718
3242	5487
3243	3970
3243	4832
3245	4440
3246	4537
3247	4537
3247	4955
3248	3777
3249	4002
3249	4678
3249	5756
3252	4537
3255	4537
3256	3930
3256	4556
3256	4671
3256	4922
3256	5537
3257	3492
3257	3929
3257	3931
3257	5114
3257	5369
3260	3437
3260	3441
3260	3609
3260	4199
3260	4543
3260	4729
3260	5232
3260	5233
3262	3340
3262	4500
3262	5154
3262	5305
3262	5360
3262	5386
3268	4616
3268	4922
3268	5537
3269	4246
3270	3428
3272	3497
3272	3599
3272	4487
3272	5548
3272	5653
3276	3495
3276	4556
3276	4922
3277	3881
3278	4446
3278	4924
3278	5406
3283	3850
3283	3930
3283	4049
3283	4506
3283	4706
3283	4959
3283	5537
3283	5656
3284	4794
3285	4254
3285	4671
3285	4922
3286	4537
3288	4689
3288	5521
3289	4537
3292	4922
3293	3303
3293	3333
3293	4454
3293	4490
3293	4643
3293	5133
3293	5273
3294	4537
3295	4537
3296	4718
3297	3829
3297	3968
3297	4177
3297	5245
3297	5696
3298	4708
3299	4962
3299	5031
3299	5319
3299	5577
3300	3802
3300	3930
3300	4671
3300	5537
3302	4537
3303	3484
3303	4490
3304	4537
3305	4440
3306	4537
3308	4246
3308	4922
3309	4537
3313	5729
3314	4537
3315	5052
3316	4945
3317	3889
3317	4537
3317	5336
3319	4537
3322	4537
3324	3930
3324	4375
3324	5658
3325	4426
3326	4537
3327	4440
3328	4537
3329	4440
3331	3365
3331	4537
3331	5489
3333	3484
3333	4094
3333	4454
3333	5288
3333	5690
3333	5707
3337	4537
3340	3399
3340	4500
3340	5117
3340	5154
3340	5305
3340	5386
3341	4537
3345	3916
3347	4537
3347	4725
3347	5751
3349	4322
3349	4493
3349	4944
3350	4718
3354	3528
3354	3850
3354	3930
3354	4049
3354	4706
3354	4961
3354	5471
3354	5537
3359	5487
3361	3790
3361	3930
3361	4306
3361	4671
3361	4706
3361	4922
3361	5537
3361	5775
3363	3513
3363	3619
3363	4537
3363	4708
3364	3812
3365	4537
3365	5489
3367	4537
3368	4216
3368	5703
3369	4809
3374	5369
3381	3983
3383	4537
3384	4537
3386	3583
3386	4319
3386	4357
3386	4718
3386	5072
3386	5487
3387	4537
3388	4440
3389	4537
3390	4293
3390	4426
3390	5334
3390	5345
3392	4440
3393	4537
3393	5636
3395	4665
3395	4922
3395	5744
3396	4537
3399	4432
3399	4500
3399	5154
3399	5305
3399	5360
3400	3424
3400	3602
3400	3614
3400	3677
3400	4154
3400	4807
3402	4537
3404	4030
3404	4641
3405	4537
3406	4440
3407	4537
3409	4440
3410	4922
3411	4537
3412	3583
3412	3646
3412	4718
3412	5487
3415	3867
3415	5469
3416	4665
3416	4922
3418	3960
3419	4922
3421	4537
3422	4537
3424	3545
3424	3602
3424	3614
3424	4490
3424	4527
3424	4921
3424	5358
3424	5383
3424	5762
3425	5078
3425	5439
3427	4537
3428	4373
3428	5475
3428	5733
3430	4537
3433	4537
3436	3975
3437	3441
3437	3609
3437	4024
3437	4199
3437	4543
3437	4729
3437	5232
3437	5233
3438	4560
3439	4537
3441	3609
3441	3654
3441	4024
3441	4494
3441	4543
3441	4595
3441	4688
3441	4721
3441	4729
3441	4982
3441	5219
3441	5232
3441	5233
3441	5532
3441	5754
3447	4537
3448	4537
3449	3464
3454	4537
3455	4537
3456	4537
3457	4537
3459	4440
3460	4537
3460	4789
3460	5403
3462	4537
3463	3717
3464	3493
3465	3930
3465	4922
3467	3535
3467	3739
3467	4190
3467	4738
3467	5000
3467	5073
3467	5276
3467	5335
3467	5573
3469	4537
3471	4895
3471	5216
3472	4537
3475	4440
3477	4537
3480	4308
3481	3930
3481	4922
3484	3510
3484	3614
3484	4094
3484	4154
3484	4318
3484	4807
3484	4809
3484	5277
3484	5383
3484	5690
3484	5707
3489	5052
3490	4440
3491	4646
3491	5104
3492	3929
3492	3931
3492	5114
3492	5369
3492	5411
3492	5423
3493	4545
3495	4013
3495	4246
3495	4756
3496	4537
3497	5653
3501	4015
3501	4256
3501	4537
3505	4537
3507	3583
3507	4718
3507	5487
3508	5172
3509	3794
3510	4809
3510	5273
3511	3878
3511	4537
3513	4537
3515	5580
3520	3871
3520	4084
3520	4397
3521	4093
3524	5099
3525	4537
3526	5011
3528	4300
3528	4306
3528	4556
3528	4622
3528	4666
3528	4695
3528	4706
3528	4845
3528	4922
3528	4959
3528	4961
3528	5331
3528	5471
3528	5596
3531	5469
3535	3775
3535	4190
3535	5036
3535	5335
3535	5417
3535	5573
3538	3582
3538	3691
3538	3835
3538	4624
3538	4673
3538	4859
3538	5057
3538	5110
3540	3943
3541	4440
3542	4537
3546	4113
3546	4537
3550	4440
3552	4537
3555	4537
3556	4537
3557	4440
3558	4537
3560	4718
3561	4537
3562	3786
3563	4491
3566	4537
3567	4440
3568	4537
3570	4584
3570	4922
3570	5471
3573	4437
3573	4537
3574	4024
3574	5532
3578	5657
3580	4784
3580	5375
3581	4316
3581	4482
3581	4760
3582	3661
3582	3665
3582	3835
3582	3874
3582	4388
3582	4624
3582	4673
3582	5026
3582	5057
3582	5110
3582	5459
3582	5731
3583	3596
3583	3646
3583	3708
3583	4144
3583	4152
3583	4319
3583	4394
3583	4422
3583	4708
3583	5125
3583	5287
3583	5487
3583	5488
3583	5642
3584	3732
3584	4787
3587	3655
3587	3743
3587	4537
3587	4734
3587	4771
3587	4788
3587	4955
3589	4537
3590	3637
3590	4855
3590	5375
3591	4672
3595	4922
3596	3646
3596	4484
3596	4718
3596	5487
3598	4537
3599	4487
3599	5548
3601	4537
3602	3614
3602	5273
3602	5383
3606	4440
3607	4124
3608	5078
3609	4024
3609	4199
3609	4543
3609	4721
3609	4729
3609	5219
3609	5232
3609	5233
3610	4565
3611	4665
3611	4922
3612	4537
3613	4537
3614	3677
3614	5048
3614	5690
3617	4922
3618	4440
3618	4944
3619	4537
3627	4537
3631	4440
3636	3930
3636	4922
3636	5537
3636	5687
3637	4736
3637	4855
3637	5375
3638	4309
3638	5289
3641	3930
3641	4480
3641	4671
3641	4868
3646	3689
3646	3708
3646	3742
3646	3849
3646	3911
3646	3991
3646	4319
3646	4394
3646	4718
3646	5125
3646	5287
3646	5425
3646	5648
3648	4537
3649	4537
3650	4440
3651	4537
3652	4084
3652	4645
3652	5159
3654	4543
3655	4130
3655	4537
3655	4734
3655	4771
3655	4955
3655	5427
3655	5697
3658	4289
3659	4545
3660	4537
3660	4718
3661	4859
3661	5546
3662	4424
3662	5031
3662	5319
3662	5577
3664	3930
3665	3691
3665	3835
3665	4624
3665	4673
3665	4859
3665	5057
3665	5459
3665	5731
3666	4440
3667	4537
3668	4440
3671	4537
3674	4537
3675	3930
3676	5433
3677	4179
3677	4454
3677	4807
3677	5273
3678	4922
3681	3692
3681	4227
3681	4574
3681	4802
3682	4198
3684	4537
3685	4537
3686	4460
3689	4718
3691	3835
3691	4388
3691	4624
3691	4673
3691	5026
3691	5057
3691	5269
3691	5459
3691	5626
3692	3988
3692	4112
3692	4802
3695	5048
3696	3859
3696	4537
3696	5100
3696	5769
3698	4537
3699	4537
3702	4922
3703	4537
3705	4537
3706	4537
3706	5336
3711	4537
3712	3943
3713	4490
3713	5273
3714	4718
3714	5072
3714	5487
3715	5012
3716	4537
3718	4537
3719	4537
3720	3960
3721	4537
3722	5439
3723	4090
3724	4440
3727	4922
3730	5482
3732	4787
3734	4537
3735	4572
3738	4282
3738	4537
3739	3775
3739	4190
3739	4738
3739	5000
3739	5073
3739	5276
3739	5335
3739	5417
3739	5573
3741	4323
3741	4530
3741	4864
3741	5079
3742	4718
3742	5339
3743	3927
3743	4197
3743	4537
3743	4621
3743	4718
3743	5140
3743	5377
3747	4181
3749	4922
3751	4537
3752	4537
3753	3942
3757	4537
3758	4854
3762	4440
3764	4537
3767	4537
3768	4922
3770	4280
3770	4940
3770	5263
3770	5530
3771	4718
3772	5221
3775	4190
3775	5000
3775	5036
3776	4537
3777	4792
3780	4537
3781	5012
3782	3818
3782	3951
3782	4395
3782	4475
3782	4661
3782	5204
3785	4659
3789	4537
3790	4496
3790	4506
3790	4556
3790	4622
3790	4922
3790	5537
3790	5687
3791	4224
3792	4537
3792	5684
3793	4440
3795	4537
3797	4216
3797	5703
3800	4006
3801	4537
3802	3930
3802	4480
3802	4496
3802	5447
3808	4484
3808	4718
3809	3841
3809	4094
3809	5048
3809	5133
3810	5291
3810	5353
3811	3844
3811	4950
3812	3930
3812	4556
3812	4867
3813	4922
3816	4556
3816	4922
3816	4999
3819	4537
3820	3930
3820	4300
3820	4671
3820	5471
3820	5596
3820	5775
3824	4537
3829	3968
3829	5245
3832	4440
3833	4110
3835	3874
3835	4388
3835	4624
3835	4673
3835	4859
3835	5057
3835	5110
3835	5459
3835	5626
3835	5731
3840	4695
3841	5048
3842	4537
3847	4537
3848	4440
3849	4319
3850	4013
3850	4148
3850	4300
3850	4506
3850	4676
3850	4695
3850	4706
3850	4850
3850	4853
3850	4951
3850	4959
3850	4961
3850	4977
3850	5255
3850	5516
3850	5687
3850	5775
3854	4537
3859	4537
3859	5100
3859	5769
3860	4537
3863	5583
3864	4440
3865	4537
3869	4440
3871	4084
3871	4121
3871	4397
3872	4537
3873	4922
3874	4624
3874	4673
3874	4859
3874	5057
3874	5110
3874	5459
3874	5731
3876	4290
3876	5108
3876	5729
3878	4137
3878	4537
3878	5065
3878	5070
3879	4537
3882	4373
3882	5733
3888	4537
3889	3917
3889	4537
3890	4537
3892	5128
3893	4440
3893	4684
3894	4922
3895	4239
3898	5380
3901	4537
3901	4708
3902	4826
3902	5486
3904	4537
3908	4537
3909	4030
3909	4641
3911	4718
3911	5487
3912	4626
3913	4537
3914	4537
3915	4537
3916	4344
3917	4537
3919	4537
3920	4537
3921	5263
3922	4537
3923	4537
3926	4537
3927	4537
3927	4708
3929	3931
3929	5114
3929	5369
3929	5411
3930	3976
3930	3996
3930	4033
3930	4049
3930	4073
3930	4103
3930	4142
3930	4148
3930	4300
3930	4328
3930	4496
3930	4506
3930	4567
3930	4616
3930	4666
3930	4671
3930	4676
3930	4693
3930	4714
3930	4750
3930	4769
3930	4806
3930	4831
3930	4867
3930	4877
3930	4912
3930	4951
3930	4977
3930	5004
3930	5006
3930	5021
3930	5044
3930	5061
3930	5134
3930	5152
3930	5208
3930	5241
3930	5330
3930	5412
3930	5574
3930	5615
3930	5617
3930	5647
3930	5656
3930	5671
3930	5674
3930	5771
3931	5114
3931	5369
3931	5411
3933	4537
3934	4537
3935	4791
3937	3979
3937	4440
3937	4610
3938	3943
3939	4537
3939	4858
3943	4081
3943	4116
3943	4331
3943	4650
3943	5390
3943	5486
3943	5623
3944	4537
3946	5643
3948	4013
3948	4265
3948	4300
3948	4306
3948	4480
3948	4506
3948	4666
3948	4671
3948	4850
3948	4961
3948	5397
3948	5516
3948	5537
3948	5596
3948	5775
3949	4440
3950	4440
3953	4537
3954	4537
3956	5661
3957	4537
3958	4537
3958	4955
3959	5737
3960	4880
3961	4480
3961	4856
3961	5241
3963	4537
3964	4137
3964	4537
3964	5065
3964	5070
3966	5708
3967	4440
3968	4177
3968	5245
3968	5696
3969	5471
3969	5674
3971	5200
3973	4662
3973	5532
3977	4537
3978	4624
3978	5057
3979	4610
3979	5142
3980	4833
3983	4677
3988	4574
3989	4440
3991	4718
3994	4382
3994	5398
3995	5728
3998	4199
3999	4677
4000	4537
4002	4390
4002	4678
4002	5604
4006	4063
4006	4647
4006	5607
4007	4537
4009	4537
4012	5291
4012	5353
4013	4068
4013	4300
4013	4306
4013	4671
4013	4830
4013	4959
4013	4961
4013	4973
4013	5255
4013	5687
4015	4537
4015	4538
4015	4923
4017	4115
4021	4537
4022	4537
4024	4199
4024	4543
4024	4721
4024	4729
4024	5219
4024	5232
4024	5233
4025	5177
4026	4537
4028	4739
4032	5482
4033	4922
4035	4537
4035	4804
4037	4922
4038	4267
4038	4440
4044	4537
4049	4666
4049	4671
4049	4706
4049	4961
4049	5471
4049	5537
4050	5117
4056	4197
4056	4537
4056	4858
4057	4440
4059	4922
4067	4440
4077	4859
4077	5449
4077	5546
4078	4537
4079	4537
4082	4922
4084	4121
4084	4397
4084	4461
4084	4645
4084	5018
4085	4440
4090	4102
4090	4444
4090	4515
4090	4767
4090	5115
4090	5359
4090	5586
4092	4537
4094	4454
4094	5133
4094	5690
4094	5691
4096	4537
4097	4440
4098	4537
4099	4944
4101	4537
4102	4767
4102	5359
4103	4671
4108	4537
4111	4537
4111	4945
4112	4574
4113	4537
4114	4537
4115	5162
4115	5216
4121	4645
4121	5159
4123	4537
4126	4522
4126	5757
4128	4537
4130	4537
4130	4804
4130	4955
4131	4440
4135	4742
4137	4537
4137	5065
4137	5070
4138	4537
4138	4872
4140	4537
4141	4537
4142	4431
4142	5596
4143	4537
4144	4708
4144	5487
4146	4403
4146	5063
4147	5737
4148	4300
4148	4506
4148	4556
4148	4622
4148	4671
4148	4706
4148	4961
4148	5771
4148	5775
4151	4537
4152	4484
4152	4718
4152	5487
4154	5048
4155	4246
4155	4506
4155	4935
4155	5537
4155	5775
4157	4537
4159	4537
4160	4537
4162	4537
4162	4708
4162	5111
4162	5636
4165	4962
4165	5031
4167	4537
4176	4537
4177	5245
4178	4440
4178	5121
4178	5136
4178	5380
4178	5667
4179	4921
4179	5358
4179	5762
4182	4537
4183	4537
4184	4537
4189	4537
4190	4738
4190	5000
4190	5036
4190	5073
4190	5276
4190	5335
4190	5417
4190	5573
4191	4537
4192	4384
4192	4763
4192	5234
4192	5286
4192	5441
4192	5476
4196	4444
4196	5115
4196	5340
4197	4319
4197	4379
4197	4484
4197	4537
4197	4708
4197	4718
4197	4945
4197	4955
4197	5111
4197	5487
4197	5636
4199	4494
4199	4595
4199	4721
4199	4729
4199	4982
4199	5219
4199	5232
4199	5233
4199	5754
4202	4537
4203	4537
4205	4537
4208	4537
4210	4922
4212	5487
4215	4537
4216	5703
4217	4440
4217	4998
4217	5380
4219	4922
4224	4600
4230	4537
4231	4537
4232	4537
4233	4666
4233	4901
4233	5004
4234	4922
4237	4440
4242	4791
4246	4756
4246	4935
4247	4537
4249	4922
4251	4537
4253	4537
4254	4671
4254	4922
4254	5775
4256	4537
4259	4922
4260	4537
4261	4742
4261	4922
4261	5593
4265	4300
4265	5537
4265	5596
4266	4922
4267	4440
4267	5380
4270	4537
4273	5439
4275	4718
4278	4537
4282	4537
4283	4440
4288	5068
4288	5756
4291	4537
4292	4642
4292	4922
4293	4522
4299	4440
4300	4306
4300	4556
4300	4671
4300	4706
4300	4845
4300	4959
4300	4961
4302	4537
4303	4537
4304	4537
4306	4404
4306	4431
4306	4480
4306	4616
4306	4622
4306	4666
4306	4695
4306	4850
4306	4922
4306	4951
4306	4959
4306	4961
4306	5061
4306	5447
4306	5471
4306	5596
4306	5716
4306	5771
4307	4537
4311	4537
4313	4549
4314	4537
4317	4537
4318	5048
4319	4708
4319	4891
4321	4537
4322	4944
4323	4602
4327	5120
4329	4537
4330	4537
4335	5329
4336	4720
4336	5106
4339	4487
4339	5548
4341	4440
4346	4922
4348	4537
4350	4537
4353	4537
4355	4537
4357	4537
4359	4537
4362	4537
4366	4440
4371	4959
4372	4537
4373	5733
4374	4537
4376	4537
4378	4440
4379	4537
4379	4708
4379	4718
4382	5398
4385	4390
4385	5068
4386	4440
4388	4624
4388	4673
4388	4859
4388	5057
4388	5459
4388	5731
4389	4537
4394	4718
4394	5487
4396	4537
4397	4461
4398	4537
4399	4537
4404	4556
4404	4671
4404	5471
4404	5537
4406	4537
4411	4537
4413	4645
4413	5159
4418	4537
4419	4537
4421	4718
4421	5299
4424	5362
4426	4522
4426	5757
4430	4537
4431	4556
4431	4845
4431	4850
4431	4961
4431	5471
4431	5537
4431	5596
4433	4537
4435	4537
4437	4537
4439	4537
4440	4493
4440	4498
4440	4505
4440	4529
4440	4628
4440	4652
4440	4657
4440	4684
4440	4694
4440	4701
4440	4712
4440	4730
4440	4747
4440	4757
4440	4903
4440	4934
4440	4938
4440	4964
4440	4966
4440	4970
4440	4975
4440	4998
4440	5050
4440	5059
4440	5074
4440	5084
4440	5087
4440	5091
4440	5097
4440	5098
4440	5118
4440	5121
4440	5136
4440	5150
4440	5151
4440	5168
4440	5198
4440	5225
4440	5236
4440	5248
4440	5294
4440	5348
4440	5364
4440	5365
4440	5380
4440	5381
4440	5458
4440	5484
4440	5491
4440	5497
4440	5504
4440	5513
4440	5517
4440	5520
4440	5534
4440	5562
4440	5571
4440	5635
4440	5651
4440	5654
4440	5659
4440	5667
4440	5668
4440	5682
4440	5710
4440	5738
4440	5743
4440	5764
4442	4537
4443	4630
4443	4886
4444	5115
4444	5340
4444	5359
4444	5586
4446	4924
4446	5406
4446	5589
4448	5210
4449	5582
4451	4537
4453	5048
4454	4490
4454	4807
4454	4809
4454	5133
4454	5273
4454	5690
4454	5707
4456	4537
4458	4537
4458	5314
4461	4645
4461	5159
4461	5374
4463	4537
4464	4537
4465	4537
4466	4537
4467	4537
4468	4537
4472	4753
4474	4537
4479	4537
4480	4622
4480	4671
4480	4868
4480	4959
4480	4961
4480	5447
4480	5471
4480	5596
4480	5687
4480	5775
4481	4537
4482	5723
4484	4537
4484	4708
4484	4718
4484	4789
4484	5287
4485	4537
4486	4537
4487	5029
4487	5548
4487	5653
4490	4809
4490	5273
4493	4944
4494	4543
4494	4688
4494	4982
4494	5219
4494	5754
4495	4510
4495	5439
4496	4671
4496	5537
4496	5766
4497	4537
4500	5117
4500	5154
4500	5305
4500	5386
4503	4537
4506	4671
4506	4706
4506	4850
4506	4961
4506	5255
4506	5471
4506	5537
4515	4767
4517	4537
4520	4537
4522	5757
4523	4537
4525	4537
4526	4537
4527	5048
4528	5076
4532	4922
4533	4537
4535	4537
4537	4538
4537	4540
4537	4546
4537	4548
4537	4550
4537	4554
4537	4563
4537	4566
4537	4580
4537	4582
4537	4593
4537	4596
4537	4601
4537	4604
4537	4605
4537	4607
4537	4611
4537	4621
4537	4629
4537	4632
4537	4653
4537	4658
4537	4660
4537	4663
4537	4675
4537	4685
4537	4691
4537	4702
4537	4704
4537	4705
4537	4708
4537	4709
4537	4713
4537	4716
4537	4725
4537	4726
4537	4733
4537	4734
4537	4737
4537	4746
4537	4749
4537	4751
4537	4754
4537	4758
4537	4771
4537	4774
4537	4776
4537	4780
4537	4782
4537	4788
4537	4797
4537	4798
4537	4804
4537	4810
4537	4814
4537	4818
4537	4822
4537	4825
4537	4828
4537	4835
4537	4840
4537	4846
4537	4849
4537	4852
4537	4858
4537	4861
4537	4869
4537	4872
4537	4875
4537	4876
4537	4878
4537	4879
4537	4881
4537	4885
4537	4889
4537	4894
4537	4905
4537	4910
4537	4923
4537	4927
4537	4931
4537	4947
4537	4948
4537	4952
4537	4953
4537	4955
4537	4957
4537	4958
4537	4969
4537	4972
4537	4983
4537	4990
4537	4992
4537	4994
4537	5002
4537	5003
4537	5008
4537	5009
4537	5016
4537	5023
4537	5025
4537	5033
4537	5035
4537	5039
4537	5045
4537	5049
4537	5053
4537	5065
4537	5067
4537	5070
4537	5072
4537	5083
4537	5086
4537	5089
4537	5093
4537	5094
4537	5095
4537	5100
4537	5102
4537	5109
4537	5111
4537	5113
4537	5119
4537	5122
4537	5127
4537	5137
4537	5138
4537	5140
4537	5146
4537	5147
4537	5161
4537	5171
4537	5189
4537	5190
4537	5191
4537	5206
4537	5212
4537	5220
4537	5222
4537	5226
4537	5228
4537	5235
4537	5240
4537	5244
4537	5246
4537	5261
4537	5265
4537	5268
4537	5282
4537	5296
4537	5298
4537	5300
4537	5301
4537	5304
4537	5308
4537	5314
4537	5328
4537	5333
4537	5336
4537	5341
4537	5346
4537	5347
4537	5367
4537	5370
4537	5372
4537	5376
4537	5377
4537	5378
4537	5379
4537	5384
4537	5389
4537	5394
4537	5403
4537	5408
4537	5416
4537	5420
4537	5426
4537	5427
4537	5428
4537	5432
4537	5438
4537	5440
4537	5444
4537	5448
4537	5450
4537	5456
4537	5457
4537	5467
4537	5478
4537	5481
4537	5489
4537	5495
4537	5496
4537	5499
4537	5500
4537	5510
4537	5525
4537	5527
4537	5536
4537	5539
4537	5544
4537	5551
4537	5554
4537	5555
4537	5558
4537	5559
4537	5561
4537	5585
4537	5588
4537	5595
4537	5598
4537	5599
4537	5602
4537	5605
4537	5610
4537	5611
4537	5613
4537	5619
4537	5624
4537	5625
4537	5636
4537	5645
4537	5652
4537	5660
4537	5663
4537	5673
4537	5678
4537	5684
4537	5689
4537	5697
4537	5702
4537	5711
4537	5715
4537	5717
4537	5730
4537	5749
4537	5751
4537	5763
4537	5769
4537	5770
4539	5230
4539	5470
4539	5767
4540	4708
4543	4721
4543	4729
4543	5219
4543	5232
4543	5233
4549	4940
4549	5530
4549	5552
4549	5742
4554	5624
4556	4622
4556	4695
4556	4845
4556	4854
4556	4951
4556	4961
4556	4973
4556	4977
4556	5006
4556	5021
4556	5044
4556	5397
4556	5447
4556	5471
4556	5596
4556	5687
4556	5771
4562	4922
4572	5646
4575	5273
4584	4671
4584	5471
4584	5537
4598	4706
4598	4922
4598	5471
4598	5537
4599	5487
4600	4981
4600	5354
4603	5019
4603	5046
4603	5175
4610	5380
4616	4951
4616	4961
4616	5537
4620	5357
4621	4708
4622	4695
4622	4706
4622	4854
4622	4922
4622	4959
4622	5471
4622	5687
4624	4859
4624	5057
4624	5110
4624	5459
4624	5626
4624	5731
4630	5332
4631	4718
4633	4922
4642	5061
4643	5048
4643	5133
4645	5018
4645	5159
4647	4913
4647	5324
4648	4922
4660	4955
4662	5219
4664	4671
4665	4922
4666	4671
4666	4901
4666	4961
4666	5004
4666	5331
4666	5574
4666	5596
4669	4922
4671	4695
4671	4977
4671	5004
4671	5006
4671	5208
4671	5409
4671	5421
4671	5447
4671	5471
4671	5511
4671	5596
4671	5674
4671	5716
4671	5775
4673	4859
4673	5057
4673	5110
4673	5459
4673	5626
4673	5731
4676	4706
4676	4951
4676	5537
4677	4924
4678	5756
4688	4982
4688	5754
4695	5471
4695	5511
4695	5596
4700	4922
4706	4850
4706	4951
4706	4959
4706	4961
4706	4973
4706	4977
4706	5021
4706	5255
4706	5409
4706	5471
4706	5658
4706	5775
4708	4718
4708	4751
4708	4788
4708	4945
4708	5487
4708	5642
4710	4922
4715	4723
4718	4751
4718	4789
4718	4891
4718	4955
4718	5111
4718	5125
4718	5139
4718	5196
4718	5253
4718	5388
4718	5425
4718	5452
4718	5487
4718	5636
4718	5648
4718	5720
4723	4794
4724	5046
4724	5234
4724	5441
4729	5232
4729	5233
4734	4955
4736	4855
4738	5000
4738	5073
4738	5276
4738	5335
4738	5417
4738	5573
4742	4922
4743	5092
4750	4959
4750	5537
4751	5119
4752	4809
4752	5273
4755	4859
4755	5449
4755	5546
4756	4922
4763	5234
4763	5286
4763	5441
4763	5550
4763	5576
4764	5380
4766	4922
4767	5359
4768	5380
4769	4922
4771	5558
4779	5369
4779	5423
4784	4855
4786	4922
4789	5487
4796	5487
4799	4895
4804	4814
4804	5109
4804	5308
4806	4922
4809	5273
4809	5690
4822	4955
4830	4922
4845	4977
4845	5471
4845	5537
4848	4944
4850	4853
4850	4922
4850	4961
4850	5397
4850	5471
4850	5516
4850	5687
4853	4922
4855	5375
4859	5057
4859	5110
4859	5269
4859	5449
4859	5459
4859	5546
4859	5626
4859	5731
4864	5344
4867	4999
4867	5537
4868	4922
4868	5593
4882	4922
4882	5006
4883	5354
4884	4922
4886	5332
4891	5207
4891	5487
4896	5178
4896	5439
4899	5569
4901	4959
4907	4922
4911	4922
4911	5537
4911	5656
4914	4925
4914	5180
4922	4951
4922	4999
4922	5042
4922	5044
4922	5090
4922	5132
4922	5153
4922	5156
4922	5320
4922	5363
4922	5366
4922	5397
4922	5409
4922	5415
4922	5435
4922	5447
4922	5479
4922	5505
4922	5516
4922	5574
4922	5593
4922	5597
4922	5603
4922	5637
4922	5638
4922	5672
4922	5687
4922	5719
4922	5739
4922	5744
4922	5747
4922	5758
4922	5775
4923	5769
4924	5406
4924	5589
4925	5180
4930	5092
4940	5530
4940	5742
4941	5402
4943	5165
4944	5151
4944	5534
4951	5537
4955	5109
4955	5697
4959	4961
4959	5331
4959	5471
4959	5656
4959	5687
4959	5775
4961	5006
4961	5397
4961	5596
4961	5687
4961	5775
4962	5319
4962	5577
4973	5471
4973	5596
4973	5687
4975	5659
4977	5471
4982	5754
4998	5097
5000	5073
5000	5276
5000	5335
5000	5417
5000	5573
5004	5537
5004	5719
5006	5537
5006	5671
5012	5508
5017	5564
5018	5159
5019	5046
5021	5471
5021	5687
5026	5057
5031	5318
5031	5362
5036	5276
5046	5175
5046	5286
5048	5133
5048	5259
5048	5288
5048	5358
5052	5762
5057	5110
5057	5269
5057	5459
5057	5626
5057	5731
5061	5537
5065	5070
5073	5276
5073	5335
5073	5417
5073	5573
5100	5769
5110	5449
5110	5546
5110	5731
5114	5369
5114	5411
5114	5423
5117	5154
5117	5305
5120	5734
5125	5487
5130	5757
5139	5299
5139	5487
5149	5487
5154	5305
5154	5360
5154	5386
5166	5209
5177	5521
5178	5439
5178	5662
5208	5775
5221	5612
5250	5392
5255	5537
5263	5742
5276	5335
5276	5417
5276	5573
5302	5643
5305	5360
5305	5386
5317	5402
5319	5362
5324	5607
5335	5417
5335	5573
5337	5369
5358	5690
5360	5386
5362	5577
5369	5391
5369	5411
5369	5423
5397	5537
5397	5596
5397	5687
5397	5775
5405	5487
5417	5573
5431	5557
5447	5537
5447	5716
5449	5546
5459	5731
5471	5687
5487	5642
5487	5648
5520	5659
5537	5656
5537	5716
5537	5719
5537	5771
5546	5731
5550	5576
5596	5687
5626	5731
5687	5775
