226	1023
1150344.2391845929

206	2379
903504.20135443099

454	2236
717643.75862680504

1927	2379
587232.71665311919

2516	4432
430929.29976114223

2731	4574
328523.77815065935

3155	3390
314535.67472535773

3876	5108
284378.86921259761

36	4002
264567.82021557016

612	2260
261608.64223381568

2247	2516
241265.40829876193

3313	5729
240409.32664068553

648	3137
221964.51153937876

2801	3723
209843.05278099011

1748	5729
209701.4386471218

3563	4491
208158.83697268728

3037	3362
206361.1759629391

2516	5360
202724.19175493368

2326	2634
200550.93063707883

1023	2801
194144.82568767187

1255	5487
189427.9941859066

1696	2695
182841.76831113541

3876	5729
181995.52188070686

2480	3582
172882.27639610029

655	3696
166958.83292156897

3239	3935
166644.1236057615

298	2731
165876.96823270625

2516	4257
164905.70405759758

1721	4002
154522.24135663657

2045	4574
152338.34759165061

2806	3390
145876.7324001794

2459	4665
144524.2922310881

3072	5130
143431.13004802394

37	3599
143291.05378029848

2285	5332
139060.6797764714

1900	2731
137789.55125870209

2221	3583
137134.42283106566

4002	4390
136789.66783858696

121	3691
136788.71398187566

243	3679
132804.34995811764

1399	2731
131942.52385467885

1677	1921
129673.9672770193

2413	2988
128283.20531654499

1921	4339
127166.77645975925

1748	3313
126294.86962671934

1748	4290
126197.9124626159

2041	2763
124806.87653984239

1807	4538
122968.86538017591

2371	5754
122675.21694636924

121	2785
120813.41465759151

836	3982
120773.06972882246

3155	4126
115352.80201859289

3242	4718
114514.42965242897

64	2285
114229.91638061192

243	5729
114077.83275136957

1890	5332
113257.56053053074

1400	3161
112543.37457983935

376	518
110804.43796045115

3876	4290
110347.30772956595

2501	3137
110202.16849937281

125	356
109817.5650596132

3581	4316
109383.61031389282

37	5029
109045.16898690499

125	1811
108950.36628691397

2288	5332
106223.59325162173

2461	3362
105096.96349239131

3400	3424
103693.79162417787

4155	4246
103088.23897332317

3681	4574
99981.978678058775

121	679
99162.697056233999

141	1353
98768.00911171404

2391	4473
98239.853967462579

4941	5402
97728.528950242369

1677	5548
96783.437850638846

3599	4487
96638.975882873303

1784	5558
96165.135337400963

4339	5548
94912.171383379435

2480	2940
93554.679778942736

64	1890
93034.218512885389

1900	4574
91508.633152027469

3521	4093
91297.613905406673

3681	4227
90929.663703095895

728	2121
88433.111593531299

1758	3846
88258.627976290605

1890	2163
87167.376807803637

1662	4229
86249.75387250795

1502	2430
86109.26796069734

832	3696
85945.963374576531

1135	2480
85547.723491714714

757	2484
85339.044396798126

1624	3747
85002.237731016823

1921	5548
84483.855710829244

2855	4390
83926.607560658565

333	2647
82314.362222278985

3395	4665
81718.954065690952

1466	2950
81420.671746857086

2312	4803
81398.644637876569

1693	2454
80466.670562388827

2285	2288
79715.542647315626

2634	4290
79436.482642137053

4339	4487
78332.791267872934

305	979
78219.143337683199

1399	1466
78181.4066816454

2312	5029
77220.781894985746

2163	5332
76547.278514257676

1900	2950
76123.451943725449

2634	3876
74944.993575299013

4242	4791
74630.151706227858

4487	5029
73542.717272683352

125	3441
71846.00188530951

1921	5029
70816.152946182279

379	4875
70418.40982157769

1416	1898
68672.890992960485

1047	5753
68247.668702319977

1128	5243
67212.351983915651

2731	4227
66806.455339348788

2993	3974
66039.608114657356

2214	3844
66037.459687506183

1466	4574
65592.364081599546

1890	2288
64924.088614515953

1995	5493
63957.728393447927

2312	4339
63127.953550947961

1677	5653
63010.28223823251

64	2163
62878.947793886175

443	3599
62160.16840538782

2001	4110
61503.568107381332

1522	2247
60993.234105076219

1406	4137
60706.180027620416

2552	3080
59352.667065101457

160	2270
58409.840142589266

2312	5653
58362.214278231651

1900	2045
58065.11143975817

1190	2731
57868.655734451939

1190	2990
57446.654613193299

3243	4832
57030.698728290699

4306	5596
56887.751575910981

3333	5707
56042.345472420566

618	2459
55950.176430624444

4487	5653
55582.392702377678

1683	4316
55107.34486644264

2276	3844
54914.150177285104

2214	4950
54831.336213690469

1732	2371
54503.508682738451

3696	5769
53668.191918533019

32	4597
53641.643165390284

187	3318
53267.523452725385

1871	5528
52585.25417127624

1203	1653
52082.155526011011

1399	2990
51914.886720870803

269	4517
51620.221294825686

1736	2896
51613.211362877446

851	4407
51139.640889248622

298	1399
51016.152661397551

379	4451
50810.920684281504

160	2107
50282.480593574677

1709	4306
49591.727787465032

3730	5482
48995.11970228771

4688	5754
48902.033578099719

1677	4487
48135.566875971701

61	688
48056.308018752228

244	1248
47430.000706826657

2459	3611
46930.345529246988

64	2288
46833.557783424265

1674	4597
46825.39685732541

4620	5357
46717.480081786664

2276	4950
45595.579319800396

2312	4487
44584.759322265389

1811	3441
44461.835946205319

1653	1662
44261.84057916818

3243	3970
44256.853541245968

260	4110
44209.78954920543

3607	4124
43921.411692681664

2163	2288
43880.181333413093

588	3333
43571.059215433081

2988	3979
43259.739768465268

5130	5757
43108.689699088362

5139	5299
42911.781163219675

2276	5773
42733.889078945533

2119	5028
42531.361207968832

2405	5621
42224.650074506724

36	4385
41927.436227117665

1577	3696
41689.206704584685

1598	1653
41653.203129574002

618	4665
41636.362882902969

564	4282
41251.852108634601

4454	5707
41186.71142416451

1744	3325
41016.605061784459

1434	4518
40398.924089726352

61	3939
39658.675954616629

3333	4454
39422.88784026249

688	2137
39281.951988139423

1340	3037
39250.464999257129

1190	3681
39228.68354532135

443	4339
38671.146839240944

68	5402
38665.65414072854

1495	5482
38502.457365643611

2496	3013
37550.622858165327

2454	5121
37531.319422052358

1653	4186
37156.831793781123

376	3105
36689.049588793911

3742	5339
35790.931859424243

438	2645
35186.941747035278

3611	4665
34924.08820370082

1312	4389
34728.979351277514

1438	5028
34459.454493430676

2001	3398
33471.984331283202

2119	5165
33443.203550771403

141	1851
33350.106882125627

5317	5402
33089.604534468905

3067	5690
32975.1905222286

3001	4163
32958.910675930638

110	1438
32889.82084917379

3484	5707
32512.118294358617

2137	3939
32417.600706124314

588	4454
32021.297952890916

618	3395
31636.134155154825

1406	2880
31186.399993553248

3333	3484
31119.784722988385

443	1677
30961.782406776125

502	5323
30709.106824838393

51	224
30192.392370847763

1598	4186
30121.176726691476

2627	4967
29308.548568933544

2332	5128
28997.480569267173

958	2896
28701.006507788763

443	2312
28677.830269482994

443	2575
28649.460297290443

61	2137
28461.974038879071

2288	4630
28412.802468270973

3067	3484
27842.429983026141

3892	5128
27730.923436735091

2510	5604
27398.762521092747

443	4487
27311.890811604659

1744	3390
27116.695226250031

1438	5165
27096.112565906355

3677	4179
26781.442102879897

851	4148
26629.779549121835

1138	2975
26144.819396994775

832	4256
26033.405831669417

1662	2525
26001.807419007804

655	982
25929.918262536514

969	3798
25642.680148690772

3081	4110
25621.087053862258

588	3484
25277.090376593758

1340	5439
24917.178162781041

3484	5690
24886.909115385009

1598	2525
24469.352200182511

2925	4811
24137.21117895054

4630	5332
23934.162867777719

4385	4390
23892.617086117407

3979	4610
23417.292562940474

1732	4688
21726.738929614014

491	2270
21713.772674155756

3484	4807
21698.006295030969

832	2754
21431.254884790582

660	5165
21042.539651637013

693	5079
20974.311590185756

584	2925
20923.295125783501

2796	4137
20438.725087132858

2754	4015
20406.55637801392

2525	3158
20255.135572850726

1986	2925
20175.798326589203

704	1800
20146.967781436091

1807	4256
20128.153592015726

1392	4967
20111.591644694661

1353	2908
19416.465233880972

1888	4875
18815.587332175575

564	3738
17580.188279719699

68	5317
17243.082151709918

1577	2719
16904.895304376245

979	2667
16728.255100469847

1807	2754
16569.925302126325

37	3272
15376.39779112782

3299	4962
14947.467560380197

3738	4282
14601.288889102476

3076	3131
14597.765248178004

3076	3464
14378.459486774376

1888	4451
13576.525201090168

618	3611
13520.279992455351

267	1744
12204.968287518966

3076	3077
11475.704932597218

2880	4137
10981.163374386266

2796	2880
10499.923659100019

476	3514
10083.402336047546

1800	2995
10072.754742280493

51	857
10029.33413058668

2323	4262
9009.9648211817803

