3876	5108
10.671729508845244

1748	5729
9.6744162467783426

464	1579
8.7816554909001425

3299	4962
8.6138016372639292

2326	2634
7.7252290837015885

36	4002
7.5609569071016942

1042	2334
7.5320909184639628

1748	3313
7.4149208769255583

3313	5729
7.3821490465364654

1721	4002
7.2330300636228149

1253	1677
7.0521369202168156

2731	4574
6.7710130713424057

1491	5362
6.6834909656168389

3876	5729
6.5240633003880202

2727	4962
6.3449806517903635

3155	3390
6.2879373970054857

1677	5548
6.1997693709131481

2806	3390
6.1263144696445835

501	1579
6.034718980308349

1900	2950
6.0105622559104264

1748	4290
6.0019264933631753

2045	4574
5.9315754262326994

3876	4290
5.806812403710059

3681	4574
5.7887943755439135

1502	2430
5.7784484194739303

3162	5134
5.5289560892542235

3206	5018
5.5052811279552136

1491	1641
5.4649505142211705

414	3930
5.4142135623730949

2285	5332
5.4074377513224219

2285	4886
5.4074377513224219

1399	2990
5.3664908461594125

102	2727
5.3577123724518243

37	3599
5.350192904903956

1190	2990
5.2760174703474174

2334	4962
5.2247953792190582

2334	2887
5.2068413547516323

454	2236
5.1800401282227027

2420	3299
5.1772837311566917

1570	1928
5.1583451058463634

243	3679
5.0511533301502505

3272	5653
5.0470891253003813

1491	2420
4.9723647987164616

2420	5362
4.9676555344766511

2420	4962
4.8951566699080722

64	2285
4.8861715864904545

4002	4390
4.8742858029194469

1253	5029
4.8455118653056282

1598	4186
4.8119619906540034

3930	4671
4.7926277923785374

1400	3161
4.7867398586907974

4339	5548
4.7705731547366526

1190	3681
4.7322096637143494

387	1143
4.7187615493261585

1253	4339
4.6628535821838213

1900	2731
4.6155014132802075

1900	4574
4.6132094005946573

480	870
4.591778069406085

1065	5046
4.5676213450081624

501	4574
4.5052811279552136

1466	4574
4.5052811279552136

2334	5362
4.4646303955800155

37	3272
4.4416136664081858

3563	4491
4.4129169104733466

2950	4802
4.3784142300054416

493	4306
4.3784142300054416

121	3691
4.3558771746928624

2516	4432
4.3558771746928624

226	1023
4.3271641926170359

1677	5653
4.281390285856145

1662	4229
4.2758905909028222

2887	5362
4.2754232805772947

243	5729
4.2731309833077606

4192	4763
4.1892071150027208

377	4763
4.1892071150027208

2731	4802
4.1685052574491035

102	2420
4.0960063928805246

3037	3362
4.0536004644211028

464	2045
4.0504168332069197

501	2045
4.0504168332069197

1379	3692
4.0463615882780797

139	5031
3.9434988100787294

298	2731
3.920976862111317

2727	4165
3.9194946903283086

1045	2202
3.9054318993940034

4049	4666
3.9000131258322552

2247	2516
3.8336586254776348

1132	2892
3.8336586254776348

655	3696
3.8336586254776348

1502	2950
3.8284271247461903

206	2379
3.8067540958393198

3077	4545
3.7926277923785374

677	2420
3.7926277923785374

1491	2202
3.7792271791140726

429	3162
3.754560881693811

2045	3681
3.7542916950760086

1150	1561
3.7542916950760081

387	1907
3.7542916950760081

2634	4290
3.7320508075688772

2405	5621
3.7302875753255877

2285	2288
3.7126875376323043

298	3692
3.6944882429579344

1491	4165
3.6497825017728598

454	3044
3.6275774017737383

1399	2731
3.6034206773758157

2400	5511
3.5676213450081633

1266	5596
3.5676213450081633

740	2981
3.5650845800732873

3930	4148
3.5295544343234369

476	3514
3.514866859365871

165	723
3.5052811279552136

3520	4397
3.5052811279552132

325	4049
3.4687141719574983

37	5029
3.4641016151377544

832	3696
3.4641016151377544

655	5100
3.4641016151377544

3272	3599
3.4397906282503929

2981	4174
3.4262942982774867

2855	4390
3.4142135623730949

893	5537
3.4142135623730949

655	982
3.4025709544033642

1677	4487
3.3784142300054421

473	3961
3.3635856610148585

3948	5596
3.3635856610148585

741	5006
3.3565584994254198

2163	5332
3.3503689588345078

2163	4886
3.3503689588345078

835	5006
3.3433639901122101

3735	4572
3.3039496418838494

3681	3692
3.2754232805772943

3400	3424
3.2754232805772943

1890	2163
3.2531531233955717

2288	5332
3.2489742589098389

1800	2995
3.2468774105807165

2634	3876
3.2468774105807165

3299	5031
3.2468774105807165

2480	3582
3.2385318404643662

1677	1921
3.2237097954706257

3720	3960
3.1892071150027208

1409	4397
3.1892071150027208

4397	4461
3.1892071150027208

3206	4397
3.1892071150027208

512	2113
3.1892071150027208

464	4802
3.1892071150027208

298	1900
3.1892071150027208

333	4736
3.1892071150027208

4306	4961
3.1892071150027208

4306	5596
3.1892071150027208

1401	2995
3.1772837311566917

3134	4666
3.1772837311566917

443	3599
3.1622776601683795

1280	1297
3.1622776601683795

2516	4257
3.1301691601465746

109	2400
3.1301691601465746

741	2778
3.1301691601465746

832	5100
3.1301691601465746

3141	5487
3.1219856413521447

1379	3988
3.0960063928805246

473	4135
3.0960063928805246

1348	3948
3.0960063928805246

744	3964
3.0960063928805246

704	1401
3.0597671439071177

1900	2045
3.0597671439071177

298	1399
3.0597671439071177

2202	5362
3.0597671439071177

704	1800
3.0504168332069201

4339	4487
3.0504168332069201

2312	5653
3.0274001040350909

1253	5653
3.0274001040350909

64	2163
3.0274001040350909

4886	5332
3

1409	4618
3

2241	3206
3

333	2647
3

806	4792
3

1907	4306
3

3948	5537
3

1539	3930
2.9978668434599216

1253	3599
2.990697562442441

443	1677
2.990697562442441

4147	5737
2.9792981424463827

2202	3662
2.9792981424463827

1031	1539
2.9792981424463827

1539	1561
2.9792981424463827

429	5134
2.9792981424463827

4144	5487
2.9525917237371897

1890	5332
2.9129506302439405

1890	4886
2.9129506302439405

121	2785
2.9129506302439405

121	679
2.9129506302439405

2516	5360
2.9129506302439405

1807	4538
2.9129506302439405

1150	1539
2.8811585930257797

1570	2778
2.8811585930257797

267	950
2.8612097182041989

1502	2731
2.8612097182041989

2448	5537
2.8612097182041989

387	5596
2.8612097182041989

1150	3930
2.8612097182041989

979	2237
2.8284271247461903

305	979
2.8284271247461903

2312	4803
2.8284271247461903

526	1371
2.8284271247461903

414	5471
2.8284271247461903

2503	3300
2.8114227941737129

546	4695
2.8114227941737129

3243	4832
2.7831576837137408

2236	2266
2.7831576837137408

3599	5548
2.7831576837137408

1491	2576
2.7831576837137408

1871	5528
2.7831576837137408

4554	5624
2.7831576837137408

1406	2640
2.7831576837137408

2954	5511
2.7782794100389228

723	2405
2.7542916950760086

160	2270
2.7542916950760086

2045	4802
2.7542916950760086

1709	2778
2.7542916950760086

1031	1150
2.7542916950760086

2771	4666
2.7542916950760086

1255	5487
2.7476962050544724

3441	4688
2.7320508075688772

414	3043
2.7302875753255877

64	4886
2.7108060108295344

2041	2763
2.7108060108295344

4666	4901
2.7108060108295344

3696	5100
2.7108060108295344

526	5514
2.6817928305074292

235	4413
2.6817928305074292

1466	2950
2.6817928305074292

1190	3692
2.6817928305074292

501	2950
2.6817928305074292

851	3930
2.6817928305074292

1799	2847
2.6591479484724942

1406	2880
2.6591479484724942

4941	5402
2.6321480259049848

2312	5029
2.6321480259049848

37	1253
2.6321480259049848

64	1890
2.6321480259049848

3562	3786
2.6321480259049848

1455	4174
2.6321480259049848

850	3072
2.6321480259049848

3395	4665
2.6321480259049848

493	4246
2.6321480259049848

493	2778
2.6321480259049848

2459	4665
2.6321480259049848

1381	2778
2.6321480259049848

38	655
2.6321480259049848

2993	3974
2.6034206773758162

3753	3942
2.6034206773758162

1190	2950
2.6034206773758162

501	2731
2.6034206773758162

1502	1900
2.6034206773758162

2887	4165
2.6034206773758162

2887	5031
2.6034206773758162

3484	5690
2.6034206773758162

3790	4496
2.5900200641113513

2526	5447
2.5650845800732873

1176	2526
2.5650845800732873

1150	4961
2.5650845800732873

4616	5537
2.5650845800732873

4487	5653
2.5457298950218306

376	518
2.5457298950218306

3599	4487
2.514866859365871

443	2575
2.514866859365871

1045	2576
2.514866859365871

2276	5773
2.514866859365871

2539	3948
2.514866859365871

2539	5537
2.514866859365871

1406	3878
2.514866859365871

160	2647
2.5052811279552136

3677	4179
2.5052811279552136

414	1539
2.5052811279552136

1150	4671
2.5052811279552136

493	1709
2.5052811279552136

2023	5487
2.4828237961983883

1921	4339
2.4494897427831779

641	5548
2.4494897427831779

37	5548
2.4494897427831779

2512	3748
2.4494897427831779

1455	1465
2.4494897427831779

3072	4293
2.4494897427831779

2214	4950
2.4494897427831779

582	4867
2.4494897427831779

992	4246
2.4494897427831779

1944	4246
2.4494897427831779

2738	4725
2.4494897427831779

3145	4473
2.4142135623730949

4084	4461
2.4142135623730949

501	1399
2.4142135623730949

1399	1466
2.4142135623730949

501	1190
2.4142135623730949

3662	5031
2.4142135623730949

2810	4671
2.4142135623730949

4961	5596
2.4142135623730949

1381	5537
2.4142135623730949

1561	2819
2.4142135623730949

1674	4597
2.3784142300054421

32	4597
2.3784142300054421

2192	5022
2.3784142300054421

1253	2575
2.3784142300054421

2884	5514
2.3784142300054421

4084	5018
2.3784142300054421

4549	4940
2.3784142300054421

1978	4940
2.3784142300054421

1466	3681
2.3784142300054421

501	3681
2.3784142300054421

677	5031
2.3784142300054421

757	4938
2.3784142300054421

1928	2778
2.3784142300054421

1266	4961
2.3784142300054421

414	1031
2.3784142300054421

741	1381
2.3784142300054421

2934	4706
2.3784142300054421

741	2934
2.3784142300054421

3611	4665
2.3784142300054421

2106	4496
2.3784142300054421

741	4951
2.3784142300054421

38	832
2.3784142300054421

443	4339
2.340347319320716

5006	5537
2.340347319320716

650	5447
2.340347319320716

2539	4300
2.340347319320716

1406	4137
2.340347319320716

830	976
2.340347319320716

2640	2880
2.340347319320716

3104	5018
2.3160740129524924

723	4736
2.3160740129524924

1900	4802
2.3160740129524924

1253	3272
2.3003266337912063

2312	3272
2.3003266337912063

2163	2288
2.3003266337912063

3582	5110
2.2795070569547775

3333	5707
2.2795070569547775

325	4901
2.2795070569547775

2461	3362
2.2360679774997898

1696	2695
2.213363839400643

4487	5029
2.213363839400643

1921	5548
2.213363839400643

1921	5029
2.213363839400643

2312	4339
2.213363839400643

641	4487
2.213363839400643

908	4181
2.213363839400643

865	1364
2.213363839400643

3581	4316
2.213363839400643

1455	2598
2.213363839400643

850	3390
2.213363839400643

267	2806
2.213363839400643

267	850
2.213363839400643

907	4662
2.213363839400643

2576	5362
2.213363839400643

2576	4962
2.213363839400643

2214	3844
2.213363839400643

1183	4706
2.213363839400643

2459	3611
2.213363839400643

1944	2448
2.213363839400643

4666	5004
2.213363839400643

1183	2526
2.213363839400643

424	4246
2.213363839400643

4155	4246
2.213363839400643

618	4665
2.213363839400643

650	2592
2.213363839400643

832	4256
2.213363839400643

2815	4660
2.213363839400643

1807	4256
2.213363839400643

655	3859
2.213363839400643

655	1330
2.213363839400643

2640	2796
2.213363839400643

728	2121
2.213363839400643

2640	3878
2.213363839400643

4528	5076
2.1892071150027208

4647	5324
2.1892071150027208

1346	4039
2.1892071150027208

1461	4397
2.1892071150027208

1409	4084
2.1892071150027208

4084	4121
2.1892071150027208

1551	3164
2.1892071150027208

1900	3692
2.1892071150027208

1379	1573
2.1892071150027208

475	3471
2.1892071150027208

1385	4115
2.1892071150027208

1907	5596
2.1892071150027208

414	5596
2.1892071150027208

4671	5596
2.1892071150027208

1266	4306
2.1892071150027208

626	4306
2.1892071150027208

1561	4671
2.1892071150027208

204	4867
2.1892071150027208

581	4306
2.1892071150027208

741	2448
2.1892071150027208

1348	5596
2.1892071150027208

3272	5548
2.1406951429280725

1434	4518
2.1406951429280725

1364	4518
2.1406951429280725

4572	5646
2.1147425268811282

443	1253
2.1147425268811282

443	2312
2.1147425268811282

1045	2334
2.1147425268811282

1045	2887
2.1147425268811282

1045	5031
2.1147425268811282

1183	3300
2.1147425268811282

2539	5596
2.1147425268811282

1709	4922
2.1147425268811282

288	2539
2.1147425268811282

3930	5771
2.1147425268811282

791	4875
2.1147425268811282

1406	3964
2.1147425268811282

1297	2913
2.1147425268811282

1406	2738
2.1147425268811282

2445	2880
2.1147425268811282

1280	2913
2.1147425268811282

744	1406
2.1147425268811282

3141	4144
2.1147425268811282

2880	3878
2.1147425268811282

2796	2880
2.1147425268811282

191	3743
2.1147425268811282

1598	1653
2.0597671439071177

1203	1653
2.0597671439071177

1053	4450
2.0597671439071177

2288	4886
2.0597671439071177

226	4515
2.0597671439071177

2598	4174
2.0597671439071177

121	1082
2.0597671439071177

3390	4293
2.0597671439071177

267	4293
2.0597671439071177

3299	5577
2.0597671439071177

4454	5707
2.0597671439071177

2276	4950
2.0597671439071177

618	3395
2.0597671439071177

1570	3043
2.0597671439071177

2126	5447
2.0597671439071177

387	1150
2.0597671439071177

2071	3134
2.0597671439071177

2071	3930
2.0597671439071177

1372	5597
2.0597671439071177

1411	2882
2.0597671439071177

618	2459
2.0597671439071177

4233	4901
2.0597671439071177

3939	4858
2.0597671439071177

834	2640
2.0597671439071177

2221	3583
2.0597671439071177

3696	5769
2.0597671439071177

38	3696
2.0597671439071177

1671	2738
2.0597671439071177

2640	4137
2.0597671439071177

3587	4788
2.0597671439071177

688	4858
2.0597671439071177

1181	2193
2

1684	4606
2

855	3517
2

1692	2324
2

1166	1692
2

2000	2298
2

867	2192
2

4006	5607
2

4006	4647
2

570	5676
2

1253	2312
2

1253	1921
2

1890	2288
2

1090	2504
2

649	2369
2

1023	2801
2

1461	4461
2

2241	4121
2

657	1229
2

1812	5046
2

2113	4192
2

2113	5046
2

2765	5286
2

4940	5530
2

464	1466
2

2107	4736
2

2420	2576
2

1641	2576
2

2576	3299
2

2524	2691
2

2413	2988
2

1625	2413
2

757	2484
2

599	2413
2

1492	3850
2

493	1381
2

493	893
2

4265	5537
2

414	4671
2

4671	5775
2

893	4961
2

893	1381
2

741	1561
2

1907	5775
2

727	3159
2

3948	5397
2

2989	5593
2

4868	5593
2

741	4556
2

414	2106
2

3948	4265
2

1516	1613
2

832	3859
2

2796	3878
2

877	4699
1.9679896712654306

443	5548
1.9679896712654306

1744	3325
1.9679896712654306

1828	2478
1.9679896712654306

416	3325
1.9679896712654306

3715	5012
1.9679896712654306

834	2880
1.9679896712654306

2880	4137
1.9679896712654306

1255	3141
1.9679896712654306

369	1255
1.9679896712654306

1416	1898
1.9343364202676694

3272	4487
1.9343364202676694

1927	2379
1.9343364202676694

3243	3970
1.8612097182041991

704	4250
1.8612097182041991

995	4741
1.8612097182041991

5317	5402
1.8612097182041991

68	5402
1.8612097182041991

2391	4473
1.8612097182041991

2124	3877
1.8612097182041991

2312	5548
1.8612097182041991

64	2288
1.8612097182041991

2801	3723
1.8612097182041991

3581	4482
1.8612097182041991

1656	3581
1.8612097182041991

4028	4739
1.8612097182041991

2598	2852
1.8612097182041991

1744	3072
1.8612097182041991

850	4293
1.8612097182041991

416	3072
1.8612097182041991

2806	4293
1.8612097182041991

267	3155
1.8612097182041991

125	356
1.8612097182041991

3681	4802
1.8612097182041991

1190	4112
1.8612097182041991

1502	4112
1.8612097182041991

4962	5577
1.8612097182041991

5031	5362
1.8612097182041991

2202	2420
1.8612097182041991

2202	2576
1.8612097182041991

139	2576
1.8612097182041991

1042	5577
1.8612097182041991

3400	3677
1.8612097182041991

2276	3844
1.8612097182041991

739	4950
1.8612097182041991

739	2214
1.8612097182041991

588	3333
1.8612097182041991

1693	2454
1.8612097182041991

1570	3134
1.8612097182041991

493	1944
1.8612097182041991

493	992
1.8612097182041991

503	4695
1.8612097182041991

1176	3134
1.8612097182041991

1539	3361
1.8612097182041991

2526	3802
1.8612097182041991

325	5004
1.8612097182041991

2577	5537
1.8612097182041991

387	1031
1.8612097182041991

387	1561
1.8612097182041991

387	1539
1.8612097182041991

414	1570
1.8612097182041991

835	3134
1.8612097182041991

3043	3361
1.8612097182041991

618	3611
1.8612097182041991

851	4407
1.8612097182041991

2778	5537
1.8612097182041991

3948	4300
1.8612097182041991

3969	5674
1.8612097182041991

3034	5471
1.8612097182041991

2677	4706
1.8612097182041991

948	3813
1.8612097182041991

3134	5331
1.8612097182041991

835	5537
1.8612097182041991

2912	3790
1.8612097182041991

566	3495
1.8612097182041991

4233	4666
1.8612097182041991

581	835
1.8612097182041991

4246	4935
1.8612097182041991

2830	3134
1.8612097182041991

3134	4246
1.8612097182041991

4265	4300
1.8612097182041991

3034	3930
1.8612097182041991

5100	5769
1.8612097182041991

834	3878
1.8612097182041991

2892	3619
1.8612097182041991

1883	3367
1.8612097182041991

744	2640
1.8612097182041991

4660	4955
1.8612097182041991

2445	4137
1.8612097182041991

2574	4374
1.8612097182041991

3878	4137
1.8612097182041991

3501	4256
1.8612097182041991

2314	3583
1.8612097182041991

1255	4144
1.8612097182041991

38	5100
1.8612097182041991

2719	5100
1.8612097182041991

1883	2205
1.8612097182041991

2640	2738
1.8612097182041991

834	2796
1.8612097182041991

2796	4137
1.8612097182041991

443	4487
1.7782794100389228

4413	5159
1.7782794100389228

4461	5159
1.7782794100389228

4645	5159
1.7782794100389228

1045	4165
1.7782794100389228

4584	5471
1.7782794100389228

2677	3300
1.7782794100389228

2448	5006
1.7782794100389228

4306	4922
1.7782794100389228

2577	5006
1.7782794100389228

4671	5006
1.7782794100389228

4922	5687
1.7782794100389228

3570	5471
1.7782794100389228

1348	2539
1.7782794100389228

1266	2539
1.7782794100389228

3300	3802
1.7782794100389228

650	4496
1.7782794100389228

760	2539
1.7782794100389228

791	1888
1.7782794100389228

791	4605
1.7782794100389228

830	3743
1.7782794100389228

2023	3141
1.7782794100389228

744	2880
1.7782794100389228

2738	2880
1.7782794100389228

3959	5737
1.7320508075688772

2780	3519
1.7320508075688772

1653	1662
1.7320508075688772

740	3807
1.7320508075688772

740	906
1.7320508075688772

4112	4574
1.7320508075688772

5362	5577
1.7320508075688772

2761	4670
1.7320508075688772

812	5695
1.7320508075688772

812	1963
1.7320508075688772

3484	5707
1.7320508075688772

1798	3979
1.7320508075688772

1150	3034
1.7320508075688772

1176	5331
1.7320508075688772

1539	4506
1.7320508075688772

1539	3043
1.7320508075688772

4666	5331
1.7320508075688772

109	4706
1.7320508075688772

1176	4666
1.7320508075688772

1570	2824
1.7320508075688772

2954	3134
1.7320508075688772

325	3802
1.7320508075688772

1176	1570
1.7320508075688772

1570	5331
1.7320508075688772

1570	2152
1.7320508075688772

3696	3859
1.7320508075688772

834	4137
1.7320508075688772

786	2794
1.7320508075688772

982	3696
1.7320508075688772

3027	5624
1.7320508075688772

1577	3696
1.7320508075688772

1330	3696
1.7320508075688772

1493	2555
1.7320508075688772

832	4538
1.7320508075688772

104	5454
1.6817928305074292

2283	2733
1.6817928305074292

1758	3846
1.6817928305074292

2332	5128
1.6817928305074292

648	3137
1.6817928305074292

187	3318
1.6817928305074292

2192	2837
1.6817928305074292

867	5022
1.6817928305074292

2119	5165
1.6817928305074292

2119	5028
1.6817928305074292

979	2667
1.6817928305074292

110	1438
1.6817928305074292

2312	4487
1.6817928305074292

1253	4487
1.6817928305074292

2852	4028
1.6817928305074292

2480	2940
1.6817928305074292

586	604
1.6817928305074292

235	4461
1.6817928305074292

235	1796
1.6817928305074292

850	950
1.6817928305074292

3155	4126
1.6817928305074292

3072	5130
1.6817928305074292

850	3155
1.6817928305074292

4495	4510
1.6817928305074292

2231	4495
1.6817928305074292

1340	3037
1.6817928305074292

209	1138
1.6817928305074292

3131	3659
1.6817928305074292

3662	4424
1.6817928305074292

3662	5319
1.6817928305074292

139	4424
1.6817928305074292

102	2576
1.6817928305074292

139	5319
1.6817928305074292

2334	2420
1.6817928305074292

2334	2576
1.6817928305074292

2576	3662
1.6817928305074292

1641	5319
1.6817928305074292

1641	4424
1.6817928305074292

588	4454
1.6817928305074292

1928	3134
1.6817928305074292

4845	5471
1.6817928305074292

1561	4049
1.6817928305074292

2489	4431
1.6817928305074292

1183	2677
1.6817928305074292

288	3948
1.6817928305074292

4265	5596
1.6817928305074292

1561	2152
1.6817928305074292

4261	4742
1.6817928305074292

4233	5004
1.6817928305074292

288	4265
1.6817928305074292

288	5537
1.6817928305074292

1539	5471
1.6817928305074292

325	651
1.6817928305074292

566	3276
1.6817928305074292

4261	5593
1.6817928305074292

493	4155
1.6817928305074292

509	3961
1.6817928305074292

1031	3361
1.6817928305074292

162	2355
1.6817928305074292

162	760
1.6817928305074292

1183	3802
1.6817928305074292

325	741
1.6817928305074292

1709	5537
1.6817928305074292

835	3820
1.6817928305074292

3134	3528
1.6817928305074292

3043	5537
1.6817928305074292

851	3962
1.6817928305074292

3134	5255
1.6817928305074292

2882	3961
1.6817928305074292

2882	2989
1.6817928305074292

931	4041
1.6817928305074292

965	3167
1.6817928305074292

424	493
1.6817928305074292

2771	3134
1.6817928305074292

741	3167
1.6817928305074292

1709	3134
1.6817928305074292

3283	5656
1.6817928305074292

3948	4671
1.6817928305074292

851	5471
1.6817928305074292

3283	4959
1.6817928305074292

3167	4300
1.6817928305074292

3167	4148
1.6817928305074292

727	3820
1.6817928305074292

1019	3331
1.6817928305074292

341	3619
1.6817928305074292

1296	5444
1.6817928305074292

564	3738
1.6817928305074292

2445	2738
1.6817928305074292

744	2796
1.6817928305074292

212	1906
1.6817928305074292

3706	5336
1.6817928305074292

564	4282
1.6817928305074292

191	830
1.6817928305074292

2738	3878
1.6817928305074292

2738	2796
1.6817928305074292

1939	2038
1.6817928305074292

2796	3964
1.6817928305074292

2023	4144
1.6817928305074292

514	1416
1.6265765616977859

216	1416
1.6265765616977859

836	3982
1.5650845800732873

519	3643
1.5650845800732873

1401	4250
1.5650845800732873

853	3828
1.5650845800732873

3730	5482
1.5650845800732873

1662	4188
1.5650845800732873

1598	2525
1.5650845800732873

3081	4110
1.5650845800732873

2871	4110
1.5650845800732873

2001	4110
1.5650845800732873

260	4110
1.5650845800732873

2269	4448
1.5650845800732873

1012	4753
1.5650845800732873

2826	4626
1.5650845800732873

1249	5750
1.5650845800732873

1109	5069
1.5650845800732873

537	5188
1.5650845800732873

4487	5548
1.5650845800732873

1364	4106
1.5650845800732873

36	4385
1.5650845800732873

3239	3935
1.5650845800732873

1082	3582
1.5650845800732873

4293	4522
1.5650845800732873

3155	4293
1.5650845800732873

267	1744
1.5650845800732873

1744	3390
1.5650845800732873

2746	3072
1.5650845800732873

267	416
1.5650845800732873

416	3390
1.5650845800732873

601	1825
1.5650845800732873

1732	2371
1.5650845800732873

2371	5754
1.5650845800732873

125	1811
1.5650845800732873

1299	1862
1.5650845800732873

1179	5493
1.5650845800732873

464	1900
1.5650845800732873

464	3692
1.5650845800732873

160	2107
1.5650845800732873

3692	4112
1.5650845800732873

1190	2731
1.5650845800732873

1379	4112
1.5650845800732873

3662	5577
1.5650845800732873

2420	5577
1.5650845800732873

4165	4962
1.5650845800732873

2202	5031
1.5650845800732873

2202	2887
1.5650845800732873

2202	2334
1.5650845800732873

3299	5319
1.5650845800732873

1641	5577
1.5650845800732873

1963	2786
1.5650845800732873

1262	3288
1.5650845800732873

3333	4454
1.5650845800732873

739	2276
1.5650845800732873

3979	4610
1.5650845800732873

1798	4610
1.5650845800732873

325	2106
1.5650845800732873

325	2071
1.5650845800732873

387	992
1.5650845800732873

1143	1310
1.5650845800732873

2071	4666
1.5650845800732873

2380	5537
1.5650845800732873

1031	4506
1.5650845800732873

2503	3790
1.5650845800732873

424	1944
1.5650845800732873

1944	4155
1.5650845800732873

1539	3034
1.5650845800732873

3134	5447
1.5650845800732873

1928	5331
1.5650845800732873

741	2537
1.5650845800732873

1539	2819
1.5650845800732873

3948	5516
1.5650845800732873

1709	5331
1.5650845800732873

1492	4854
1.5650845800732873

5006	5671
1.5650845800732873

581	2293
1.5650845800732873

1031	3034
1.5650845800732873

651	2778
1.5650845800732873

1709	4666
1.5650845800732873

424	992
1.5650845800732873

503	2784
1.5650845800732873

1150	5596
1.5650845800732873

3134	5574
1.5650845800732873

3528	4666
1.5650845800732873

325	4233
1.5650845800732873

3816	4556
1.5650845800732873

3528	5331
1.5650845800732873

1570	3528
1.5650845800732873

3276	3495
1.5650845800732873

4496	5766
1.5650845800732873

3930	5574
1.5650845800732873

288	4300
1.5650845800732873

4148	5771
1.5650845800732873

835	2810
1.5650845800732873

493	4695
1.5650845800732873

2771	5331
1.5650845800732873

992	4155
1.5650845800732873

835	5775
1.5650845800732873

1176	1928
1.5650845800732873

1176	2771
1.5650845800732873

1742	1944
1.5650845800732873

851	3034
1.5650845800732873

493	2152
1.5650845800732873

851	4148
1.5650845800732873

3034	5596
1.5650845800732873

4671	4695
1.5650845800732873

992	1742
1.5650845800732873

1570	1709
1.5650845800732873

1570	2771
1.5650845800732873

2578	4013
1.5650845800732873

2819	3043
1.5650845800732873

4695	5511
1.5650845800732873

493	4049
1.5650845800732873

2137	3939
1.5650845800732873

3242	4718
1.5650845800732873

834	2738
1.5650845800732873

61	688
1.5650845800732873

2221	2314
1.5650845800732873

3546	4113
1.5650845800732873

61	3939
1.5650845800732873

269	963
1.5650845800732873

982	5100
1.5650845800732873

1493	2038
1.5650845800732873

2640	5070
1.5650845800732873

3964	4137
1.5650845800732873

2738	4137
1.5650845800732873

3859	5100
1.5650845800732873

1255	2023
1.5650845800732873

3501	4015
1.5650845800732873

2754	4015
1.5650845800732873

1353	2552
1.5650845800732873

744	4137
1.5650845800732873

1330	5100
1.5650845800732873

4015	4538
1.5650845800732873

1577	5100
1.5650845800732873

744	834
1.5650845800732873

2552	3080
1.5650845800732873

734	3939
1.5650845800732873

688	2137
1.5650845800732873

3607	4124
1.4953487812212205

2000	3594
1.4953487812212205

1409	5159
1.4953487812212205

5018	5159
1.4953487812212205

3652	5159
1.4953487812212205

1259	5159
1.4953487812212205

4121	5159
1.4953487812212205

1681	3493
1.4953487812212205

1681	3076
1.4953487812212205

650	3134
1.4953487812212205

424	4306
1.4953487812212205

3930	5006
1.4953487812212205

851	5006
1.4953487812212205

387	1310
1.4953487812212205

424	4671
1.4953487812212205

3743	5140
1.4953487812212205

2880	5070
1.4953487812212205

1784	1835
1.4953487812212205

2880	5065
1.4953487812212205

2847	4301
1.4142135623730951

3638	5289
1.4142135623730951

268	737
1.4142135623730951

3152	3994
1.4142135623730951

3096	3846
1.4142135623730951

3892	5128
1.4142135623730951

68	5317
1.4142135623730951

2501	3137
1.4142135623730951

3001	4163
1.4142135623730951

2871	3081
1.4142135623730951

2001	3398
1.4142135623730951

260	2871
1.4142135623730951

1722	5060
1.4142135623730951

502	5323
1.4142135623730951

787	4821
1.4142135623730951

3521	4093
1.4142135623730951

2837	5022
1.4142135623730951

789	2654
1.4142135623730951

789	1659
1.4142135623730951

2323	4262
1.4142135623730951

1624	3747
1.4142135623730951

865	1097
1.4142135623730951

3171	4323
1.4142135623730951

1540	4323
1.4142135623730951

969	3798
1.4142135623730951

1023	4515
1.4142135623730951

2884	4316
1.4142135623730951

1683	4316
1.4142135623730951

1683	2409
1.4142135623730951

1371	1656
1.4142135623730951

1128	5243
1.4142135623730951

526	5723
1.4142135623730951

870	3821
1.4142135623730951

1082	2785
1.4142135623730951

235	5018
1.4142135623730951

235	4121
1.4142135623730951

235	3652
1.4142135623730951

235	1259
1.4142135623730951

1796	4461
1.4142135623730951

1796	4645
1.4142135623730951

1796	4084
1.4142135623730951

4413	4645
1.4142135623730951

4461	4645
1.4142135623730951

4084	4645
1.4142135623730951

850	1744
1.4142135623730951

3155	4522
1.4142135623730951

416	2806
1.4142135623730951

950	4522
1.4142135623730951

1744	2806
1.4142135623730951

1732	3998
1.4142135623730951

709	3998
1.4142135623730951

356	1032
1.4142135623730951

2231	5662
1.4142135623730951

2231	4510
1.4142135623730951

1121	4209
1.4142135623730951

3012	3228
1.4142135623730951

1560	5313
1.4142135623730951

1138	1837
1.4142135623730951

1723	3921
1.4142135623730951

809	1138
1.4142135623730951

2392	4363
1.4142135623730951

1138	2975
1.4142135623730951

1995	5493
1.4142135623730951

2731	4227
1.4142135623730951

3464	3493
1.4142135623730951

3659	4545
1.4142135623730951

3076	3464
1.4142135623730951

1466	1502
1.4142135623730951

1491	4424
1.4142135623730951

1491	5319
1.4142135623730951

102	5031
1.4142135623730951

139	1957
1.4142135623730951

139	5318
1.4142135623730951

956	5319
1.4142135623730951

5319	5362
1.4142135623730951

677	5319
1.4142135623730951

677	5318
1.4142135623730951

677	4424
1.4142135623730951

1641	1957
1.4142135623730951

2887	5318
1.4142135623730951

956	4424
1.4142135623730951

4424	5362
1.4142135623730951

2576	4165
1.4142135623730951

2727	4424
1.4142135623730951

2727	5319
1.4142135623730951

1957	3662
1.4142135623730951

5177	5521
1.4142135623730951

451	847
1.4142135623730951

111	1963
1.4142135623730951

1470	5358
1.4142135623730951

588	3484
1.4142135623730951

424	4155
1.4142135623730951

741	1709
1.4142135623730951

651	741
1.4142135623730951

1031	2819
1.4142135623730951

1073	4867
1.4142135623730951

288	5596
1.4142135623730951

325	375
1.4142135623730951

325	2675
1.4142135623730951

493	4935
1.4142135623730951

503	4480
1.4142135623730951

581	1143
1.4142135623730951

651	893
1.4142135623730951

41	473
1.4142135623730951

741	4148
1.4142135623730951

41	4706
1.4142135623730951

741	965
1.4142135623730951

1150	3361
1.4142135623730951

414	3361
1.4142135623730951

429	2830
1.4142135623730951

727	4431
1.4142135623730951

325	591
1.4142135623730951

325	2830
1.4142135623730951

1348	4265
1.4142135623730951

1266	3948
1.4142135623730951

581	1878
1.4142135623730951

503	626
1.4142135623730951

503	2400
1.4142135623730951

1348	5537
1.4142135623730951

436	4292
1.4142135623730951

1266	4265
1.4142135623730951

325	3361
1.4142135623730951

1176	1183
1.4142135623730951

581	3361
1.4142135623730951

851	1031
1.4142135623730951

1143	3134
1.4142135623730951

626	5471
1.4142135623730951

581	3758
1.4142135623730951

835	4431
1.4142135623730951

1183	2503
1.4142135623730951

1907	3043
1.4142135623730951

965	4148
1.4142135623730951

436	5061
1.4142135623730951

851	1539
1.4142135623730951

965	2191
1.4142135623730951

851	4961
1.4142135623730951

581	5537
1.4142135623730951

1266	4920
1.4142135623730951

424	1742
1.4142135623730951

931	2293
1.4142135623730951

760	5537
1.4142135623730951

760	4265
1.4142135623730951

325	4506
1.4142135623730951

1266	1709
1.4142135623730951

9	162
1.4142135623730951

387	2934
1.4142135623730951

835	2577
1.4142135623730951

835	2448
1.4142135623730951

1143	3930
1.4142135623730951

493	3167
1.4142135623730951

375	3930
1.4142135623730951

626	3930
1.4142135623730951

4671	5471
1.4142135623730951

1548	3276
1.4142135623730951

4959	5471
1.4142135623730951

1548	3361
1.4142135623730951

3361	4706
1.4142135623730951

2771	3528
1.4142135623730951

2293	5537
1.4142135623730951

1539	4961
1.4142135623730951

4306	5471
1.4142135623730951

1709	3528
1.4142135623730951

3361	3930
1.4142135623730951

4135	4742
1.4142135623730951

2380	4977
1.4142135623730951

3237	4706
1.4142135623730951

2448	2577
1.4142135623730951

3134	4959
1.4142135623730951

1928	3528
1.4142135623730951

2677	3802
1.4142135623730951

2380	4142
1.4142135623730951

4148	4300
1.4142135623730951

3961	5241
1.4142135623730951

2380	3020
1.4142135623730951

4671	5421
1.4142135623730951

2830	4666
1.4142135623730951

4959	5656
1.4142135623730951

3043	5596
1.4142135623730951

1592	3276
1.4142135623730951

3043	4306
1.4142135623730951

1602	3134
1.4142135623730951

1709	1928
1.4142135623730951

1709	2771
1.4142135623730951

1742	4155
1.4142135623730951

3020	4142
1.4142135623730951

2934	4951
1.4142135623730951

2489	5471
1.4142135623730951

965	4300
1.4142135623730951

2489	2810
1.4142135623730951

2489	4850
1.4142135623730951

2810	5421
1.4142135623730951

2149	4041
1.4142135623730951

2184	3361
1.4142135623730951

2149	2191
1.4142135623730951

141	1851
1.4142135623730951

38	2719
1.4142135623730951

38	5769
1.4142135623730951

1312	4389
1.4142135623730951

1628	3143
1.4142135623730951

1174	5456
1.4142135623730951

141	1353
1.4142135623730951

1753	3706
1.4142135623730951

1753	2297
1.4142135623730951

3587	3743
1.4142135623730951

269	4517
1.4142135623730951

2796	5070
1.4142135623730951

612	2260
1.4142135623730951

3386	5072
1.4142135623730951

379	4875
1.4142135623730951

376	3105
1.4142135623730951

2738	3964
1.4142135623730951

1468	1613
1.4142135623730951

632	1019
1.4142135623730951

3878	5065
1.4142135623730951

3878	5070
1.4142135623730951

1468	1516
1.4142135623730951

728	4869
1.4142135623730951

1784	5558
1.4142135623730951

744	2738
1.4142135623730951

2445	5070
1.4142135623730951

2445	5065
1.4142135623730951

655	3179
1.4142135623730951

2272	2909
1.3160740129524924

3638	4309
1.3160740129524924

2525	3158
1.3160740129524924

1662	2525
1.3160740129524924

1653	4186
1.3160740129524924

2627	4967
1.3160740129524924

1392	4967
1.3160740129524924

1736	2896
1.3160740129524924

327	4110
1.3160740129524924

1053	2321
1.3160740129524924

514	4516
1.3160740129524924

4472	4753
1.3160740129524924

1874	5750
1.3160740129524924

3956	5661
1.3160740129524924

1090	5557
1.3160740129524924

1090	3956
1.3160740129524924

1624	4181
1.3160740129524924

4242	4791
1.3160740129524924

1770	4242
1.3160740129524924

587	4242
1.3160740129524924

416	4293
1.3160740129524924

1744	4293
1.3160740129524924

1828	2806
1.3160740129524924

2371	4982
1.3160740129524924

125	4199
1.3160740129524924

3013	4199
1.3160740129524924

125	3441
1.3160740129524924

125	1032
1.3160740129524924

804	2080
1.3160740129524924

1862	3397
1.3160740129524924

298	4112
1.3160740129524924

501	4112
1.3160740129524924

2950	4112
1.3160740129524924

2990	4112
1.3160740129524924

1957	3299
1.3160740129524924

2202	4165
1.3160740129524924

677	5577
1.3160740129524924

2727	5577
1.3160740129524924

2065	3288
1.3160740129524924

259	3288
1.3160740129524924

94	1663
1.3160740129524924

1913	5772
1.3160740129524924

244	1248
1.3160740129524924

3333	3484
1.3160740129524924

3480	4308
1.3160740129524924

3937	3979
1.3160740129524924

2988	3979
1.3160740129524924

1798	4440
1.3160740129524924

1798	3937
1.3160740129524924

1625	3979
1.3160740129524924

1625	1798
1.3160740129524924

599	3979
1.3160740129524924

599	1798
1.3160740129524924

992	1907
1.3160740129524924

992	4935
1.3160740129524924

3034	4959
1.3160740129524924

992	3134
1.3160740129524924

204	4556
1.3160740129524924

3043	3134
1.3160740129524924

2141	2578
1.3160740129524924

965	1021
1.3160740129524924

174	5537
1.3160740129524924

1944	3134
1.3160740129524924

2778	4013
1.3160740129524924

1150	1907
1.3160740129524924

2778	3361
1.3160740129524924

127	1958
1.3160740129524924

2778	4506
1.3160740129524924

2126	3134
1.3160740129524924

422	429
1.3160740129524924

2503	3222
1.3160740129524924

2778	3790
1.3160740129524924

1984	4306
1.3160740129524924

1984	4671
1.3160740129524924

1984	3495
1.3160740129524924

2675	2778
1.3160740129524924

387	2778
1.3160740129524924

414	3034
1.3160740129524924

1348	4300
1.3160740129524924

4959	5331
1.3160740129524924

581	3043
1.3160740129524924

581	1539
1.3160740129524924

3034	3108
1.3160740129524924

546	5447
1.3160740129524924

591	2778
1.3160740129524924

493	701
1.3160740129524924

4850	5516
1.3160740129524924

581	2778
1.3160740129524924

546	2526
1.3160740129524924

2184	4506
1.3160740129524924

1492	5516
1.3160740129524924

2184	3043
1.3160740129524924

3850	5516
1.3160740129524924

4506	4706
1.3160740129524924

1539	2184
1.3160740129524924

626	3034
1.3160740129524924

1720	4854
1.3160740129524924

1775	2784
1.3160740129524924

1548	2578
1.3160740129524924

3034	5775
1.3160740129524924

1150	3108
1.3160740129524924

1150	3043
1.3160740129524924

1150	1266
1.3160740129524924

760	4300
1.3160740129524924

3043	4706
1.3160740129524924

1907	3034
1.3160740129524924

893	2778
1.3160740129524924

2915	5537
1.3160740129524924

1602	5331
1.3160740129524924

1944	4935
1.3160740129524924

1602	4666
1.3160740129524924

1150	5775
1.3160740129524924

1150	4959
1.3160740129524924

3930	4666
1.3160740129524924

1176	1602
1.3160740129524924

1176	4959
1.3160740129524924

2778	5331
1.3160740129524924

2778	4961
1.3160740129524924

1570	1602
1.3160740129524924

1266	3034
1.3160740129524924

1266	4300
1.3160740129524924

1539	4706
1.3160740129524924

3930	4506
1.3160740129524924

2137	4858
1.3160740129524924

2794	5558
1.3160740129524924

834	5070
1.3160740129524924

786	5558
1.3160740129524924

61	4858
1.3160740129524924

734	4858
1.3160740129524924

756	2422
1.3160740129524924

4137	5070
1.3160740129524924

4137	5065
1.3160740129524924

834	5065
1.3160740129524924

914	4004
1.189207115002721

3509	3794
1.189207115002721

203	4745
1.189207115002721

4336	5106
1.189207115002721

3658	4289
1.189207115002721

853	3658
1.189207115002721

2266	3273
1.189207115002721

2266	3044
1.189207115002721

1633	5306
1.189207115002721

1495	5482
1.189207115002721

1986	2925
1.189207115002721

1708	4811
1.189207115002721

584	2925
1.189207115002721

3810	5353
1.189207115002721

958	2896
1.189207115002721

327	2871
1.189207115002721

514	2900
1.189207115002721

1115	2411
1.189207115002721

1316	5060
1.189207115002721

1316	1722
1.189207115002721

598	4088
1.189207115002721

397	4088
1.189207115002721

1012	4472
1.189207115002721

3019	3717
1.189207115002721

1595	1716
1.189207115002721

1696	4370
1.189207115002721

1696	4065
1.189207115002721

1696	2108
1.189207115002721

697	5063
1.189207115002721

1874	5188
1.189207115002721

1610	2957
1.189207115002721

1249	1874
1.189207115002721

108	3376
1.189207115002721

108	2636
1.189207115002721

3971	5200
1.189207115002721

2216	4699
1.189207115002721

4647	4913
1.189207115002721

3224	5583
1.189207115002721

680	3863
1.189207115002721

680	2060
1.189207115002721

680	1223
1.189207115002721

570	2238
1.189207115002721

1438	5165
1.189207115002721

1438	5028
1.189207115002721

979	1793
1.189207115002721

442	641
1.189207115002721

1677	2109
1.189207115002721

442	4339
1.189207115002721

2109	4339
1.189207115002721

4630	5332
1.189207115002721

5431	5557
1.189207115002721

2736	3592
1.189207115002721

1047	5753
1.189207115002721

692	1047
1.189207115002721

1097	4638
1.189207115002721

908	3023
1.189207115002721

2153	3733
1.189207115002721

24	3057
1.189207115002721

24	1271
1.189207115002721

4385	5068
1.189207115002721

17	1751
1.189207115002721

2151	3935
1.189207115002721

4620	5357
1.189207115002721

1656	4316
1.189207115002721

1656	2884
1.189207115002721

1656	2125
1.189207115002721

1656	1683
1.189207115002721

526	4316
1.189207115002721

318	943
1.189207115002721

1135	2480
1.189207115002721

1796	5018
1.189207115002721

1409	4645
1.189207115002721

1796	4121
1.189207115002721

1680	4618
1.189207115002721

1680	4413
1.189207115002721

1680	4121
1.189207115002721

1680	3520
1.189207115002721

1680	3206
1.189207115002721

1259	1796
1.189207115002721

4121	4645
1.189207115002721

3652	4645
1.189207115002721

586	1933
1.189207115002721

1259	4084
1.189207115002721

4645	5018
1.189207115002721

1259	4413
1.189207115002721

1259	4645
1.189207115002721

4084	4397
1.189207115002721

1409	1680
1.189207115002721

3871	4397
1.189207115002721

1409	1796
1.189207115002721

3652	4084
1.189207115002721

416	950
1.189207115002721

1744	4522
1.189207115002721

5130	5757
1.189207115002721

950	1744
1.189207115002721

416	3155
1.189207115002721

416	4522
1.189207115002721

2519	5017
1.189207115002721

1522	2247
1.189207115002721

1326	3548
1.189207115002721

1032	1811
1.189207115002721

907	5532
1.189207115002721

907	1732
1.189207115002721

709	907
1.189207115002721

4982	5754
1.189207115002721

1732	4494
1.189207115002721

4688	5754
1.189207115002721

4494	5754
1.189207115002721

2496	3013
1.189207115002721

1811	4688
1.189207115002721

1811	3441
1.189207115002721

1732	4688
1.189207115002721

1340	5439
1.189207115002721

3895	4239
1.189207115002721

2508	2671
1.189207115002721

2084	4239
1.189207115002721

1870	3228
1.189207115002721

1870	3012
1.189207115002721

1868	4239
1.189207115002721

1066	4239
1.189207115002721

1299	3397
1.189207115002721

512	1049
1.189207115002721

382	5476
1.189207115002721

1049	1812
1.189207115002721

5550	5576
1.189207115002721

337	942
1.189207115002721

377	5576
1.189207115002721

377	5286
1.189207115002721

512	2421
1.189207115002721

512	3064
1.189207115002721

4192	5476
1.189207115002721

4192	5286
1.189207115002721

2421	4192
1.189207115002721

2113	5576
1.189207115002721

1065	5286
1.189207115002721

1731	4192
1.189207115002721

4763	5576
1.189207115002721

1065	3230
1.189207115002721

1065	3015
1.189207115002721

1065	1812
1.189207115002721

1049	2113
1.189207115002721

382	3064
1.189207115002721

959	4603
1.189207115002721

1065	5175
1.189207115002721

1065	5019
1.189207115002721

512	5476
1.189207115002721

512	5019
1.189207115002721

2839	5443
1.189207115002721

4763	5441
1.189207115002721

209	809
1.189207115002721

421	1978
1.189207115002721

209	1837
1.189207115002721

4940	5742
1.189207115002721

1551	4940
1.189207115002721

4549	5530
1.189207115002721

3164	4940
1.189207115002721

3921	5263
1.189207115002721

1978	5530
1.189207115002721

1978	3770
1.189207115002721

1978	3102
1.189207115002721

491	2270
1.189207115002721

501	3988
1.189207115002721

1573	3988
1.189207115002721

1502	4802
1.189207115002721

3681	4227
1.189207115002721

3131	3493
1.189207115002721

1399	3681
1.189207115002721

1466	3988
1.189207115002721

1399	3988
1.189207115002721

3493	4545
1.189207115002721

3077	3659
1.189207115002721

3077	3493
1.189207115002721

3076	4545
1.189207115002721

3076	3131
1.189207115002721

3076	3077
1.189207115002721

2335	2693
1.189207115002721

1957	2727
1.189207115002721

1491	1957
1.189207115002721

1042	2997
1.189207115002721

2466	4895
1.189207115002721

2691	4017
1.189207115002721

474	3435
1.189207115002721

1957	5362
1.189207115002721

102	5319
1.189207115002721

102	4424
1.189207115002721

2420	4424
1.189207115002721

2420	5319
1.189207115002721

1651	2693
1.189207115002721

2693	3791
1.189207115002721

475	2693
1.189207115002721

677	1957
1.189207115002721

5031	5318
1.189207115002721

4962	5319
1.189207115002721

4165	5031
1.189207115002721

4017	4115
1.189207115002721

62	4792
1.189207115002721

475	4017
1.189207115002721

1641	2997
1.189207115002721

2997	4165
1.189207115002721

1262	5177
1.189207115002721

1262	4025
1.189207115002721

1262	2065
1.189207115002721

780	2440
1.189207115002721

259	1262
1.189207115002721

3067	5690
1.189207115002721

3484	4807
1.189207115002721

3067	3484
1.189207115002721

4998	5097
1.189207115002721

4440	4938
1.189207115002721

3937	4610
1.189207115002721

2454	5121
1.189207115002721

1625	4610
1.189207115002721

599	4610
1.189207115002721

524	3043
1.189207115002721

387	931
1.189207115002721

325	3043
1.189207115002721

325	3354
1.189207115002721

288	1266
1.189207115002721

288	1348
1.189207115002721

195	4622
1.189207115002721

424	3812
1.189207115002721

169	965
1.189207115002721

169	741
1.189207115002721

162	387
1.189207115002721

41	5716
1.189207115002721

387	3134
1.189207115002721

1928	4959
1.189207115002721

387	4706
1.189207115002721

2057	3358
1.189207115002721

325	5574
1.189207115002721

1928	4951
1.189207115002721

41	4742
1.189207115002721

9	4642
1.189207115002721

387	1709
1.189207115002721

169	4148
1.189207115002721

524	5537
1.189207115002721

2144	5471
1.189207115002721

493	4911
1.189207115002721

2144	5537
1.189207115002721

169	4300
1.189207115002721

2036	5537
1.189207115002721

581	1031
1.189207115002721

520	2911
1.189207115002721

169	5597
1.189207115002721

2149	3962
1.189207115002721

524	5471
1.189207115002721

581	1266
1.189207115002721

1348	5397
1.189207115002721

581	2810
1.189207115002721

509	2989
1.189207115002721

581	1709
1.189207115002721

493	651
1.189207115002721

2152	4920
1.189207115002721

1381	2911
1.189207115002721

1381	2830
1.189207115002721

2152	4706
1.189207115002721

493	4616
1.189207115002721

2141	4013
1.189207115002721

581	931
1.189207115002721

493	5656
1.189207115002721

503	1775
1.189207115002721

174	2380
1.189207115002721

503	2503
1.189207115002721

503	2954
1.189207115002721

493	4480
1.189207115002721

414	4845
1.189207115002721

493	503
1.189207115002721

1073	4756
1.189207115002721

1058	4920
1.189207115002721

424	3134
1.189207115002721

414	2934
1.189207115002721

493	626
1.189207115002721

429	5574
1.189207115002721

493	4148
1.189207115002721

414	4616
1.189207115002721

2106	2934
1.189207115002721

1381	1709
1.189207115002721

204	1073
1.189207115002721

204	3816
1.189207115002721

493	1907
1.189207115002721

215	3812
1.189207115002721

1381	2071
1.189207115002721

2136	2489
1.189207115002721

1058	1266
1.189207115002721

436	4642
1.189207115002721

422	2911
1.189207115002721

493	965
1.189207115002721

493	2400
1.189207115002721

1031	5775
1.189207115002721

1539	4671
1.189207115002721

1709	5687
1.189207115002721

1561	3108
1.189207115002721

1561	2934
1.189207115002721

422	5134
1.189207115002721

1150	3285
1.189207115002721

1742	4935
1.189207115002721

1709	4013
1.189207115002721

1266	4013
1.189207115002721

1539	4306
1.189207115002721

1150	4254
1.189207115002721

1561	2184
1.189207115002721

1709	2152
1.189207115002721

1266	2152
1.189207115002721

1436	4103
1.189207115002721

2184	2819
1.189207115002721

1539	3108
1.189207115002721

1602	3528
1.189207115002721

1548	4013
1.189207115002721

1492	4951
1.189207115002721

1602	2771
1.189207115002721

1143	4306
1.189207115002721

1284	2483
1.189207115002721

1592	2866
1.189207115002721

1592	1984
1.189207115002721

1150	4666
1.189207115002721

1548	2866
1.189207115002721

1411	3961
1.189207115002721

1720	2810
1.189207115002721

1907	3134
1.189207115002721

1492	2784
1.189207115002721

1143	2810
1.189207115002721

1928	3043
1.189207115002721

1548	1984
1.189207115002721

1928	2934
1.189207115002721

1602	1709
1.189207115002721

1176	2677
1.189207115002721

1143	4671
1.189207115002721

1143	5775
1.189207115002721

1176	4306
1.189207115002721

1539	5775
1.189207115002721

1176	5716
1.189207115002721

1539	1907
1.189207115002721

1492	1720
1.189207115002721

1539	4959
1.189207115002721

1561	4959
1.189207115002721

1514	5766
1.189207115002721

1561	4706
1.189207115002721

503	4671
1.189207115002721

1709	4306
1.189207115002721

1561	4666
1.189207115002721

1742	3134
1.189207115002721

1561	4622
1.189207115002721

1266	1539
1.189207115002721

1561	3134
1.189207115002721

9	760
1.189207115002721

965	3930
1.189207115002721

1021	4845
1.189207115002721

2778	3528
1.189207115002721

2577	3930
1.189207115002721

1021	5042
1.189207115002721

1031	1907
1.189207115002721

2526	4480
1.189207115002721

1021	2810
1.189207115002721

2810	4431
1.189207115002721

1031	4306
1.189207115002721

1031	4706
1.189207115002721

2810	3930
1.189207115002721

2503	4480
1.189207115002721

2503	3802
1.189207115002721

2308	3237
1.189207115002721

4292	4642
1.189207115002721

2771	2778
1.189207115002721

2191	3962
1.189207115002721

1021	1348
1.189207115002721

2810	3134
1.189207115002721

2503	2912
1.189207115002721

2503	2677
1.189207115002721

851	5775
1.189207115002721

1031	2184
1.189207115002721

2537	4584
1.189207115002721

4306	4951
1.189207115002721

851	1907
1.189207115002721

3108	5596
1.189207115002721

851	1266
1.189207115002721

3134	4155
1.189207115002721

851	2448
1.189207115002721

626	1176
1.189207115002721

3134	4306
1.189207115002721

4431	5471
1.189207115002721

4480	4671
1.189207115002721

4431	4850
1.189207115002721

4556	4951
1.189207115002721

626	851
1.189207115002721

2819	4706
1.189207115002721

2819	3134
1.189207115002721

3162	5574
1.189207115002721

4622	4854
1.189207115002721

2819	2934
1.189207115002721

2824	5004
1.189207115002721

893	4666
1.189207115002721

4642	5061
1.189207115002721

760	4951
1.189207115002721

2915	4616
1.189207115002721

2912	4695
1.189207115002721

2911	4898
1.189207115002721

2934	3034
1.189207115002721

893	2400
1.189207115002721

4666	4671
1.189207115002721

741	5596
1.189207115002721

2934	4616
1.189207115002721

893	1709
1.189207115002721

741	4961
1.189207115002721

2954	4480
1.189207115002721

3948	4666
1.189207115002721

893	1176
1.189207115002721

3961	4480
1.189207115002721

3528	4959
1.189207115002721

3034	4951
1.189207115002721

851	4959
1.189207115002721

701	4049
1.189207115002721

835	851
1.189207115002721

591	651
1.189207115002721

701	2152
1.189207115002721

3354	5537
1.189207115002721

760	5596
1.189207115002721

4959	4961
1.189207115002721

581	5775
1.189207115002721

651	3361
1.189207115002721

4013	4068
1.189207115002721

741	3790
1.189207115002721

741	4013
1.189207115002721

741	4622
1.189207115002721

651	1381
1.189207115002721

581	2819
1.189207115002721

4961	5775
1.189207115002721

4911	5537
1.189207115002721

4706	4951
1.189207115002721

4306	4666
1.189207115002721

651	2675
1.189207115002721

651	3790
1.189207115002721

4142	4431
1.189207115002721

3948	4850
1.189207115002721

3850	4951
1.189207115002721

3816	4999
1.189207115002721

3812	4867
1.189207115002721

591	741
1.189207115002721

3812	3930
1.189207115002721

4671	4977
1.189207115002721

741	5671
1.189207115002721

4666	5574
1.189207115002721

4666	4961
1.189207115002721

581	3040
1.189207115002721

5004	5719
1.189207115002721

851	3108
1.189207115002721

4951	5537
1.189207115002721

581	4854
1.189207115002721

4850	4853
1.189207115002721

4616	4951
1.189207115002721

626	1561
1.189207115002721

3802	5447
1.189207115002721

626	4961
1.189207115002721

741	4506
1.189207115002721

4155	4935
1.189207115002721

651	4506
1.189207115002721

5537	5656
1.189207115002721

741	893
1.189207115002721

5397	5596
1.189207115002721

741	3361
1.189207115002721

741	2577
1.189207115002721

3758	4854
1.189207115002721

3930	4300
1.189207115002721

3850	4853
1.189207115002721

851	4306
1.189207115002721

851	2577
1.189207115002721

3108	4961
1.189207115002721

845	941
1.189207115002721

835	3324
1.189207115002721

744	5065
1.189207115002721

51	857
1.189207115002721

1303	2698
1.189207115002721

1330	2719
1.189207115002721

830	5140
1.189207115002721

1312	1784
1.189207115002721

832	2754
1.189207115002721

1330	5769
1.189207115002721

832	3501
1.189207115002721

744	5070
1.189207115002721

38	982
1.189207115002721

946	3179
1.189207115002721

1353	3716
1.189207115002721

1359	4319
1.189207115002721

256	5408
1.189207115002721

38	1330
1.189207115002721

38	1577
1.189207115002721

38	3859
1.189207115002721

51	224
1.189207115002721

1406	3331
1.189207115002721

564	2908
1.189207115002721

564	1353
1.189207115002721

616	2054
1.189207115002721

309	663
1.189207115002721

632	3331
1.189207115002721

141	2054
1.189207115002721

369	4421
1.189207115002721

379	4605
1.189207115002721

1312	5558
1.189207115002721

655	946
1.189207115002721

379	4451
1.189207115002721

309	3347
1.189207115002721

309	2381
1.189207115002721

1807	2754
1.189207115002721

2315	4923
1.189207115002721

3964	5065
1.189207115002721

1614	4869
1.189207115002721

1628	3421
1.189207115002721

2828	3939
1.189207115002721

1521	3939
1.189207115002721

2738	5070
1.189207115002721

1577	2719
1.189207115002721

2738	5065
1.189207115002721

1671	4725
1.189207115002721

3331	5489
1.189207115002721

1784	3008
1.189207115002721

4891	5207
1.189207115002721

1807	3501
1.189207115002721

4771	5558
1.189207115002721

4621	4708
1.189207115002721

4015	4923
1.189207115002721

3964	5070
1.189207115002721

2418	3939
1.189207115002721

3859	5769
1.189207115002721

3714	5072
1.189207115002721

2038	2979
1.189207115002721

1888	4875
1.189207115002721

3317	5336
1.189207115002721

4923	5769
1.189207115002721

3317	3889
1.189207115002721

1835	5558
1.189207115002721

3097	5408
1.189207115002721

3331	3365
1.189207115002721

1360	1362
1

644	2063
1

2097	5274
1

1122	5274
1

439	2097
1

914	2983
1

2814	4091
1

1352	4136
1

600	1755
1

2082	4477
1

1428	5075
1

2143	3153
1

4336	4720
1

3188	5688
1

3188	4635
1

1864	5688
1

1615	2644
1

1563	2624
1

4032	5482
1

2925	4811
1

1708	1986
1

913	4597
1

4012	5353
1

4012	5291
1

3810	5291
1

2501	2963
1

3833	4110
1

4335	5329
1

3732	4787
1

3584	4787
1

3584	3732
1

3212	5199
1

3212	4335
1

2338	3212
1

2134	4335
1

2027	2164
1

3241	4428
1

2889	4965
1

1692	5455
1

1166	2411
1

904	1692
1

904	1166
1

846	2324
1

846	1567
1

846	1211
1

846	876
1

725	2411
1

725	1567
1

3526	5011
1

1316	2616
1

1205	5011
1

3960	4880
1

3418	3960
1

2000	5430
1

2000	3960
1

598	3418
1

397	3960
1

397	3418
1

397	2000
1

397	598
1

3463	3717
1

1460	4821
1

2108	4370
1

3002	3090
1

2613	3090
1

330	1369
1

4146	5063
1

476	5063
1

2957	3264
1

2536	5188
1

2536	2636
1

1874	3376
1

108	2536
1

108	1610
1

1990	5310
1

867	1193
1

3121	5186
1

4006	4063
1

3863	5583
1

3800	4006
1

2749	5676
1

2749	4647
1

2238	5324
1

2238	2749
1

680	5676
1

664	2323
1

2980	5342
1

1133	5165
1

660	5165
1

2109	3497
1

2109	2575
1

37	442
1

2575	3497
1

2288	4630
1

4723	4794
1

4715	4723
1

3284	4794
1

1431	5242
1

1090	5661
1

1090	5431
1

1090	4715
1

1090	2359
1

326	5242
1

326	4723
1

326	3284
1

326	1431
1

39	5431
1

39	4723
1

1448	5143
1

1047	3229
1

692	5753
1

676	1920
1

2399	3623
1

2153	2399
1

608	2399
1

608	2153
1

76	2132
1

4385	4390
1

2510	5604
1

3741	4323
1

2851	5079
1

2369	4864
1

2118	5079
1

2118	2851
1

1751	3693
1

1751	2805
1

1727	5079
1

1727	3171
1

1727	2118
1

1540	4864
1

1540	3171
1

1540	1727
1

1112	4530
1

1112	3693
1

1040	2805
1

693	5079
1

693	2118
1

693	1727
1

649	3741
1

408	2369
1

17	4323
1

17	2369
1

17	649
1

17	408
1

1770	4791
1

1487	4740
1

587	4791
1

587	1770
1

4482	5723
1

1656	5514
1

1656	4482
1

526	1656
1

906	3807
1

1461	2241
1

1259	4121
1

2241	4084
1

1461	3520
1

816	4449
1

1259	5018
1

1461	3104
1

816	5582
1

1409	3871
1

1409	5374
1

1461	4084
1

1461	4121
1

1259	3652
1

1259	1409
1

1730	2557
1

2241	3871
1

3206	4084
1

1796	5633
1

3871	4121
1

3871	4084
1

4449	5582
1

3104	4413
1

3104	4397
1

3104	4121
1

2241	3104
1

1409	1461
1

3520	4084
1

3520	3871
1

1461	3871
1

2561	2746
1

863	2561
1

1828	3155
1

416	1744
1

801	950
1

2129	4312
1

4688	4982
1

4494	4982
1

4494	4688
1

3574	5532
1

3441	5532
1

125	1676
1

3172	4543
1

125	3574
1

709	1732
1

709	5532
1

2371	3013
1

1732	5532
1

3676	5433
1

2084	3895
1

1066	2084
1

657	2354
1

377	5175
1

377	5019
1

382	2113
1

66	4763
1

377	3064
1

4603	5019
1

377	942
1

337	5550
1

337	382
1

252	4887
1

252	3230
1

252	2113
1

942	2839
1

377	4603
1

1049	5019
1

382	1812
1

382	5019
1

66	4192
1

382	4603
1

377	5476
1

337	5046
1

377	5550
1

337	1065
1

942	4192
1

1065	2113
1

1980	5046
1

2765	5175
1

5046	5286
1

5046	5175
1

5019	5046
1

2113	4887
1

4763	5550
1

1812	1980
1

4763	5286
1

4724	5441
1

4603	5175
1

4603	5046
1

377	1812
1

2113	3230
1

4192	5441
1

2018	4763
1

942	4763
1

3230	5175
1

3230	5019
1

3230	4603
1

3064	5476
1

1980	4724
1

1980	2113
1

1812	5175
1

2765	4603
1

2421	5476
1

1283	2018
1

2421	3731
1

2421	3064
1

1812	4603
1

1812	3230
1

1064	1660
1

683	2392
1

1551	2094
1

1551	4313
1

1837	4280
1

1837	3102
1

1551	4549
1

1723	2696
1

1660	5295
1

809	1837
1

683	5631
1

421	5530
1

421	3102
1

5263	5742
1

3102	3770
1

2392	5552
1

1978	5263
1

4549	5742
1

2094	5530
1

2094	3164
1

2094	3102
1

3770	5530
1

3770	4940
1

1660	2392
1

3102	5530
1

3102	4940
1

1978	5742
1

2431	5742
1

3988	4574
1

3692	4802
1

1573	4802
1

1573	2045
1

501	4802
1

1379	4227
1

491	3580
1

464	1573
1

2647	5621
1

3076	3493
1

1466	1900
1

295	491
1

1399	4227
1

160	4736
1

1190	3988
1

1190	4227
1

501	4227
1

1039	3100
1

242	4683
1

677	1270
1

1385	4600
1

411	578
1

1385	3181
1

475	1651
1

475	2335
1

840	1270
1

806	2524
1

806	3777
1

102	1957
1

1513	3777
1

1957	4962
1

1513	4600
1

1513	5307
1

2524	3248
1

331	2255
1

102	2997
1

139	2997
1

475	1513
1

475	3791
1

3791	4224
1

1957	2420
1

1385	4799
1

677	840
1

1541	3777
1

578	2230
1

475	2890
1

2335	3777
1

2946	4672
1

3181	5307
1

3181	3777
1

3138	4672
1

2691	3181
1

2466	4224
1

4883	5354
1

4799	4895
1

4600	5354
1

4600	4981
1

2890	4115
1

4224	4600
1

2466	3248
1

2466	2524
1

4115	5216
1

4115	5162
1

2335	5307
1

806	4883
1

3777	4792
1

1651	3777
1

2524	4799
1

1541	3181
1

2524	3181
1

3591	4672
1

3471	5216
1

3471	4895
1

1651	4600
1

1651	3471
1

2466	5307
1

2335	4115
1

4025	5177
1

2761	2844
1

2065	5177
1

2065	3126
1

1418	3195
1

780	4689
1

259	5177
1

259	4025
1

259	2065
1

150	2341
1

5048	5358
1

1994	3480
1

1913	4436
1

2294	3480
1

3937	4440
1

2988	3937
1

2484	4440
1

1625	3937
1

1625	2988
1

599	3937
1

599	2988
1

599	1625
1

414	3108
1

591	3361
1

1348	5042
1

581	1150
1

195	4854
1

1017	3850
1

581	1381
1

1017	4951
1

566	3812
1

325	988
1

1058	2152
1

2106	2819
1

524	626
1

2106	4671
1

2106	5255
1

493	5687
1

271	1984
1

195	2448
1

169	3930
1

493	2675
1

493	5511
1

2448	4854
1

493	4671
1

215	4867
1

2136	3419
1

493	3790
1

2144	3850
1

2106	5537
1

493	2915
1

215	3930
1

195	741
1

2184	4706
1

2144	3930
1

493	2526
1

2184	3930
1

162	2537
1

204	4999
1

1381	4013
1

2152	5537
1

387	4013
1

1381	3361
1

1381	2675
1

195	5537
1

174	4671
1

169	493
1

581	893
1

1017	1092
1

2675	3361
1

325	5719
1

2141	4068
1

2675	3790
1

2675	4506
1

162	1143
1

1984	2866
1

1092	3850
1

1092	1492
1

387	1381
1

1092	5471
1

1928	4616
1

387	2810
1

1021	4951
1

1143	2537
1

2771	4671
1

2771	4049
1

1602	4959
1

414	2036
1

387	5687
1

2503	4671
1

1021	3190
1

2539	3324
1

2503	5511
1

493	2503
1

478	5537
1

414	2184
1

414	2915
1

2526	4671
1

1928	4706
1

1021	4676
1

1021	1775
1

1928	4556
1

1928	4306
1

1381	3790
1

2526	5511
1

1928	3850
1

127	4135
1

1928	3034
1

2152	2934
1

931	4854
1

893	5716
1

2810	4306
1

1017	5471
1

414	4706
1

2810	4845
1

1017	4676
1

2810	5042
1

2810	4850
1

2810	5471
1

414	4959
1

2810	5775
1

2036	3930
1

478	741
1

1907	4959
1

893	5596
1

2824	5719
1

893	4013
1

893	3948
1

1775	3190
1

3020	3237
1

893	1150
1

1176	5511
1

2989	5241
1

1150	4706
1

1602	2778
1

493	591
1

2989	4856
1

1928	5537
1

3040	4854
1

1928	2152
1

1150	3948
1

1775	4676
1

1907	2810
1

1150	3134
1

1775	4951
1

3034	4706
1

1017	1021
1

1720	3020
1

741	4706
1

626	4049
1

626	4959
1

4254	4671
1

3190	4676
1

3222	3300
1

1561	4854
1

741	4616
1

783	1984
1

3570	4584
1

3108	4254
1

1381	4506
1

626	3108
1

1266	4959
1

4049	4671
1

701	1709
1

4013	5687
1

1492	5471
1

4013	4306
1

741	4854
1

3395	5744
1

1266	4671
1

3134	4935
1

3961	4856
1

1348	2810
1

591	3790
1

1561	2106
1

591	4506
1

3108	5775
1

3268	4616
1

1266	2106
1

3850	4850
1

3850	4706
1

845	3043
1

741	3850
1

3268	5537
1

1266	5775
1

626	1266
1

4306	4959
1

3134	5134
1

1266	1348
1

5596	5687
1

4306	4616
1

3790	4506
1

626	1907
1

1266	5255
1

3285	4254
1

4013	4961
1

1348	3820
1

4850	5471
1

741	1928
1

581	4013
1

741	2106
1

581	5687
1

4676	4951
1

3108	4671
1

741	3034
1

4671	5511
1

1548	4068
1

1411	2989
1

3930	5134
1

3108	4306
1

591	1381
1

741	851
1

591	2675
1

1348	1720
1

1548	2141
1

581	2184
1

4306	5716
1

3948	4306
1

4959	5775
1

5537	5719
1

783	3276
1

3364	3812
1

727	835
1

3285	4671
1

1561	2144
1

3948	4961
1

4961	5687
1

1381	4306
1

4867	4999
1

1266	5134
1

1381	4961
1

1381	5471
1

1561	2448
1

741	1492
1

581	4961
1

4911	5656
1

3361	3790
1

4901	4959
1

4882	5006
1

786	3743
1

982	3859
1

1406	3365
1

2754	3501
1

1613	3917
1

1613	1848
1

1312	3008
1

1626	2267
1

1312	4771
1

1577	3859
1

5139	5299
1

1521	2828
1

1521	2418
1

1330	1577
1

1353	2908
1

20	1802
1

996	5487
1

1353	3080
1

1406	1626
1

2535	2966
1

1516	1848
1

632	5489
1

1312	1835
1

632	3365
1

2979	5559
1

1835	4771
1

734	2137
1

3097	4463
1

3055	5456
1

1516	3917
1

256	5751
1

224	5339
1

1408	4437
1

5065	5070
1

256	2381
1

256	3097
1

256	4463
1

20	2583
1

663	5751
1

51	996
1

4458	5314
1

4421	5299
1

2645	3714
1

2418	2828
1

2381	5751
1

3347	5751
1

2381	3347
1

3573	4437
1

1888	4451
1

1888	4605
1

51	3242
1

51	5487
1

61	2137
1

1406	5489
1

438	2645
1

256	663
1

2072	3097
1

3743	4621
1

3742	5339
1

3738	4282
1

3386	4357
1

3365	5489
1

