2	303
1	103327
103327	

2	3793
1	43777
43777	

2	3814
1	0
0	

10	27
1	4227
4227	

10	77
1	6736
6736	

10	1594
1	5799
5799	

10	3475
1	53793
53793	

22	912
3	0
0	0	0	

30	782
1	108700
108700	

30	2142
1	13188
13188	

92	12
3	102048
0	39773	62275	

92	227
6	153671
3250	10989	22498	25125	28879	62930	

92	517
1	73271
73271	

92	602
3	131528
0	57436	74092	

92	603
6	252800
0	5897	13245	18447	84339	130872	

92	822
2	31969
6330	25639	

92	1384
4	117455
0	18893	20346	78216	

92	1788
3	80461
0	10289	70172	

92	1914
5	691551
69829	73993	139708	180868	227153	

92	1947
4	155813
14360	21229	51267	68957	

92	2093
2	93178
0	93178	

92	2181
2	105194
40060	65134	

92	2454
2	77364
24601	52763	

92	2674
2	104841
37984	66857	

92	2762
2	98055
35271	62784	

92	2969
1	0
0	

92	2971
3	495543
43197	70688	381658	

92	3166
3	125451
10557	10999	103895	

92	3210
3	111556
3878	40230	67448	

92	3388
1	69806
69806	

92	3832
1	26453
26453	

92	4038
3	577822
42883	58483	476456	

92	4085
1	167958
167958	

92	4178
4	106663
0	20460	37702	48501	

92	4998
1	0
0	

92	5059
7	382402
11952	19655	20853	51303	65773	91139	121727	

92	5097
2	139565
18769	120796	

92	5121
4	95667
17192	20528	26303	31644	

92	5136
2	55287
18463	36824	

92	5168
3	152883
28515	50528	73840	

92	5348
2	118290
23585	94705	

92	5667
1	71915
71915	

92	5668
2	145960
41165	104795	

173	178
1	0
0	

173	1673
1	0
0	

179	177
2	258420
105143	153277	

179	1221
1	43906
43906	

179	1981
1	3039
3039	

179	2366
1	6012
6012	

179	2547
1	14151
14151	

179	2597
2	54990
18570	36420	

179	2680
1	21252
21252	

179	3078
1	2828
2828	

179	4341
1	0
0	

179	4531
1	0
0	

179	5534
1	78251
78251	

179	5682
1	0
0	

198	304
1	43633
43633	

198	1383
1	0
0	

223	2628
4	409009
0	99634	142484	166891	

223	5670
3	269498
15448	86576	167474	

304	419
3	68692
0	16123	52569	

304	540
1	6574
6574	

304	912
1	0
0	

304	1294
1	0
0	

304	1383
2	7880
0	7880	

304	1519
1	433071
433071	

304	2088
1	4458
4458	

304	2948
1	0
0	

304	2949
1	0
0	

304	3050
1	0
0	

304	3091
1	55597
55597	

304	3148
1	0
0	

304	4315
1	0
0	

304	4378
1	0
0	

304	4505
1	0
0	

304	5050
2	204344
0	204344	

304	5738
1	23025
23025	

335	4964
1	58003
58003	

366	521
1	15356
15356	

366	3050
1	9955
9955	

378	2959
2	102443
13157	89286	

378	4283
1	0
0	

378	4816
1	4559
4559	

410	2917
1	12963
12963	

423	1481
1	17853
17853	

423	1601
1	0
0	

423	1619
1	35550
35550	

423	2809
1	0
0	

423	3949
1	81638
81638	

423	4322
1	165599
165599	

423	4722
1	49160
49160	

423	5404
1	41661
41661	

423	5680
1	209283
209283	

425	293
3	98884
6804	36465	55615	

425	671
1	3733
3733	

425	1151
1	84142
84142	

425	1153
1	0
0	

425	2178
2	73315
0	73315	

425	4493
1	0
0	

425	4944
1	158830
158830	

425	5098
1	0
0	

425	5579
1	24491
24491	

457	642
3	20979
1775	8048	11156	

457	764
2	68024
0	68024	

457	2628
13	571325
5588	13910	14307	21440	22961	23968	25615	27617	40368	49033	63762	102453	160303	

457	3967
2	213928
90781	123147	

457	4764
3	20873
0	1993	18880	

457	5169
1	0
0	

457	5670
2	128466
21660	106806	

458	910
1	61886
61886	

458	1429
1	34297
34297	

458	2941
2	495297
224635	270662	

458	3244
1	106044
106044	

458	3606
1	102715
102715	

458	5151
2	1323245
234452	1088793	

458	5680
1	0
0	

498	483
1	96017
96017	

498	1582
1	0
0	

498	1981
1	0
0	

498	2426
1	0
0	

498	2597
1	19011
19011	

498	3603
1	0
0	

498	4531
3	75879
0	19264	56615	

498	5761
1	59033
59033	

506	1276
1	141775
141775	

506	2818
1	3225
3225	

521	2028
1	0
0	

521	3343
1	0
0	

599	757
1	0
0	

599	2363
1	25371
25371	

599	2657
1	0
0	

599	4264
1	0
0	

602	2752
2	186911
2791	184120	

621	5513
1	104827
104827	

673	2773
7	636079
4558	46762	48601	57591	85247	122199	271121	

757	2
2	42947
5240	37707	

757	22
2	50820
11795	39025	

757	27
1	0
0	

757	30
1	173323
173323	

757	63
2	64734
17041	47693	

757	71
1	22766
22766	

757	75
3	59893
0	26432	33461	

757	77
1	17262
17262	

757	112
7	316344
3488	9872	11012	11440	14532	67461	198539	

757	135
1	51191
51191	

757	153
7	373384
23195	32880	33546	58861	59852	67131	97919	

757	173
2	143457
52936	90521	

757	178
1	44642
44642	

757	221
1	68309
68309	

757	297
1	214632
214632	

757	303
1	0
0	

757	308
2	87498
16745	70753	

757	335
1	12880
12880	

757	348
3	53915
0	4058	49857	

757	371
2	148940
21671	127269	

757	385
2	99792
14182	85610	

757	386
1	31221
31221	

757	400
2	69954
23114	46840	

757	425
2	73794
0	73794	

757	506
1	0
0	

757	540
1	39020
39020	

757	599
1	24485
24485	

757	609
1	0
0	

757	621
2	246289
108305	137984	

757	628
1	12937
12937	

757	661
1	44546
44546	

757	671
3	156590
37262	37898	81430	

757	753
1	25962
25962	

757	771
2	48632
8128	40504	

757	782
2	44274
0	44274	

757	785
1	4409
4409	

757	790
4	91345
0	15426	24543	51376	

757	888
2	78890
2378	76512	

757	890
1	14148
14148	

757	891
1	27410
27410	

757	912
1	0
0	

757	920
4	31183
0	0	5225	25958	

757	922
3	326174
0	0	326174	

757	938
2	0
0	0	

757	944
1	74148
74148	

757	991
1	18235
18235	

757	999
3	231931
44985	62346	124600	

757	1003
3	79502
9556	21472	48474	

757	1013
2	91074
0	91074	

757	1037
4	537420
13329	99249	106563	318279	

757	1095
2	35348
13440	21908	

757	1124
5	192748
0	3892	7501	49322	132033	

757	1129
1	0
0	

757	1151
2	57624
24833	32791	

757	1153
1	39632
39632	

757	1167
1	110194
110194	

757	1231
1	0
0	

757	1242
1	0
0	

757	1294
1	24498
24498	

757	1301
2	71879
4845	67034	

757	1333
1	0
0	

757	1357
4	110956
6723	22902	39139	42192	

757	1363
2	142475
0	142475	

757	1388
1	22330
22330	

757	1407
1	157837
157837	

757	1412
2	97768
26107	71661	

757	1413
5	661817
7189	18653	57952	104831	473192	

757	1417
1	0
0	

757	1429
1	7768
7768	

757	1475
1	126100
126100	

757	1519
4	66690
0	13683	22979	30028	

757	1523
7	304677
12841	19417	22285	26862	33369	64866	125037	

757	1558
1	0
0	

757	1576
2	77433
31487	45946	

757	1594
5	185313
8395	14164	31487	37233	94034	

757	1601
1	185866
185866	

757	1612
3	160123
0	5643	154480	

757	1619
1	111293
111293	

757	1625
1	0
0	

757	1636
2	108366
50935	57431	

757	1673
1	81809
81809	

757	1678
1	58629
58629	

757	1715
4	300161
0	68927	113741	117493	

757	1798
3	0
0	0	0	

757	1830
1	4476
4476	

757	1852
8	614136
0	0	6701	11894	19680	42048	63089	470724	

757	1884
2	1493
0	1493	

757	1953
3	61971
0	9058	52913	

757	1969
2	47891
11583	36308	

757	1973
4	313727
9400	23070	63942	217315	

757	1981
1	0
0	

757	1989
3	115282
0	42394	72888	

757	2028
3	78396
17274	22138	38984	

757	2088
2	74318
0	74318	

757	2103
1	74293
74293	

757	2105
2	337472
73394	264078	

757	2116
2	235632
60575	175057	

757	2135
2	20603
0	20603	

757	2142
1	35916
35916	

757	2148
1	19989
19989	

757	2158
1	83858
83858	

757	2178
2	34753
0	34753	

757	2203
2	109913
19574	90339	

757	2207
1	102728
102728	

757	2256
4	147137
0	5696	63046	78395	

757	2342
2	33899
14455	19444	

757	2357
1	16687
16687	

757	2363
4	184538
8355	8886	17385	149912	

757	2401
5	280692
0	24574	38063	103384	114671	

757	2408
2	97127
26211	70916	

757	2413
4	214838
0	11427	63453	139958	

757	2473
4	193300
0	9725	40283	143292	

757	2492
1	151248
151248	

757	2494
4	235107
0	49524	52780	132803	

757	2528
2	64887
15940	48947	

757	2529
3	149711
25003	48598	76110	

757	2534
1	68233
68233	

757	2566
1	176009
176009	

757	2579
2	119558
0	119558	

757	2581
1	9380
9380	

757	2603
4	178083
0	26517	46294	105272	

757	2622
4	14399
0	0	0	14399	

757	2626
3	413112
115376	141923	155813	

757	2628
1	52710
52710	

757	2630
1	0
0	

757	2632
5	208332
0	1884	18303	51950	136195	

757	2638
1	3234
3234	

757	2651
2	505372
172645	332727	

757	2656
2	132687
36645	96042	

757	2657
1	132717
132717	

757	2682
1	0
0	

757	2770
2	88824
0	88824	

757	2811
3	124474
0	40623	83851	

757	2877
4	866090
0	129657	265570	470863	

757	2917
1	5055
5055	

757	2927
4	137537
0	0	40753	96784	

757	2948
7	228572
0	0	4870	19586	23239	25328	155549	

757	2967
3	41437
5890	10616	24931	

757	2988
1	312173
312173	

757	3009
2	23032
0	23032	

757	3048
1	48285
48285	

757	3061
1	28054
28054	

757	3103
3	191551
42898	46668	101985	

757	3148
1	79868
79868	

757	3149
1	112218
112218	

757	3200
2	171214
15659	155555	

757	3208
3	135993
0	40079	95914	

757	3210
1	36810
36810	

757	3225
2	192446
69920	122526	

757	3245
1	126663
126663	

757	3253
1	48937
48937	

757	3267
2	221872
42688	179184	

757	3327
1	0
0	

757	3329
1	58133
58133	

757	3343
2	4453
0	4453	

757	3349
4	482707
46652	101798	109229	225028	

757	3409
6	408239
24580	36657	63986	66557	69496	146963	

757	3432
5	255656
21609	44541	58157	63502	67847	

757	3444
1	0
0	

757	3459
3	85788
21531	30204	34053	

757	3482
2	58804
19350	39454	

757	3490
1	71576
71576	

757	3523
3	36475
0	0	36475	

757	3550
1	0
0	

757	3557
1	90609
90609	

757	3603
1	0
0	

757	3618
1	96795
96795	

757	3650
3	62226
4675	17315	40236	

757	3666
2	341921
20735	321186	

757	3668
2	191141
3442	187699	

757	3709
1	0
0	

757	3724
1	1762
1762	

757	3750
2	223512
15401	208111	

757	3762
1	0
0	

757	3793
2	45018
0	45018	

757	3814
2	28283
0	28283	

757	3883
2	34481
17107	17374	

757	3891
1	46540
46540	

757	3893
3	222238
0	91213	131025	

757	3898
2	64780
0	64780	

757	3937
1	0
0	

757	3950
1	49846
49846	

757	3967
1	0
0	

757	3979
3	196754
14712	45786	136256	

757	4066
4	304730
49559	80179	83254	91738	

757	4099
1	328380
328380	

757	4131
5	173667
0	4581	10568	16828	141690	

757	4173
2	51295
0	51295	

757	4195
2	85318
9755	75563	

757	4237
4	95307
3991	13620	36878	40818	

757	4241
2	121148
0	121148	

757	4264
1	141748
141748	

757	4283
2	173507
72353	101154	

757	4299
2	113026
0	113026	

757	4315
2	53313
0	53313	

757	4322
2	333912
151898	182014	

757	4351
2	48466
20575	27891	

757	4378
1	18961
18961	

757	4386
1	156034
156034	

757	4440
1	18595
18595	

757	4493
2	312100
0	312100	

757	4498
1	41735
41735	

757	4505
1	26751
26751	

757	4512
2	54374
0	54374	

757	4514
2	8184
0	8184	

757	4529
1	28234
28234	

757	4531
3	53078
0	0	53078	

757	4568
3	72742
10640	14277	47825	

757	4610
2	107908
28644	79264	

757	4636
2	0
0	0	

757	4668
2	33048
0	33048	

757	4684
1	94669
94669	

757	4694
1	30951
30951	

757	4697
1	54473
54473	

757	4717
2	55369
6035	49334	

757	4722
1	0
0	

757	4730
2	48902
19190	29712	

757	4747
1	0
0	

757	4757
2	15213
0	15213	

757	4764
1	0
0	

757	4768
4	82236
0	0	0	82236	

757	4816
2	15935
0	15935	

757	4834
1	166856
166856	

757	4848
2	176852
54351	122501	

757	4890
1	0
0	

757	4903
2	67366
29260	38106	

757	4944
4	613284
48392	62330	178627	323935	

757	4966
1	72397
72397	

757	4970
2	0
0	0	

757	5054
2	44989
17684	27305	

757	5084
4	147336
4482	19044	24597	99213	

757	5098
1	16715
16715	

757	5116
1	0
0	

757	5118
6	214312
0	14498	14536	18136	68814	98328	

757	5151
2	551027
130907	420120	

757	5194
2	49095
0	49095	

757	5198
2	11709
3468	8241	

757	5225
2	194897
83047	111850	

757	5236
1	40991
40991	

757	5258
1	27586
27586	

757	5294
2	350028
109655	240373	

757	5311
2	135325
0	135325	

757	5364
4	32886
0	6080	6361	20445	

757	5365
3	64681
7946	25556	31179	

757	5404
1	7719
7719	

757	5458
1	0
0	

757	5491
1	112622
112622	

757	5504
1	58675
58675	

757	5517
2	72187
0	72187	

757	5534
3	111994
0	16045	95949	

757	5562
4	264136
14992	35463	45780	167901	

757	5571
1	122553
122553	

757	5635
2	159502
53327	106175	

757	5651
2	29206
0	29206	

757	5654
2	124016
23560	100456	

757	5680
3	40340
0	11982	28358	

757	5682
1	0
0	

757	5685
2	28775
0	28775	

757	5701
3	184121
4353	9786	169982	

757	5710
1	46069
46069	

757	5721
1	0
0	

757	5735
1	40968
40968	

757	5738
1	7429
7429	

757	5743
1	31569
31569	

757	5764
3	92096
3770	26935	61391	

764	3967
2	29984
7079	22905	

764	4150
1	16455
16455	

803	71
1	30428
30428	

803	278
1	0
0	

803	293
2	53528
9206	44322	

803	366
1	0
0	

803	400
1	85362
85362	

803	425
1	9016
9016	

803	540
1	87133
87133	

803	576
1	107088
107088	

803	621
2	41830
17105	24725	

803	642
1	93417
93417	

803	785
1	73493
73493	

803	881
1	54768
54768	

803	890
1	3816
3816	

803	999
3	192605
0	15247	177358	

803	1003
1	1870
1870	

803	1013
1	74949
74949	

803	1095
1	0
0	

803	1129
1	0
0	

803	1151
1	0
0	

803	1175
1	31587
31587	

803	1242
1	0
0	

803	1388
2	48579
0	48579	

803	1558
1	50264
50264	

803	1953
1	41878
41878	

803	1969
2	13120
0	13120	

803	1973
1	84250
84250	

803	2088
1	0
0	

803	2135
1	0
0	

803	2232
1	11505
11505	

803	2251
3	304876
92605	102601	109670	

803	2262
1	18315
18315	

803	2529
1	44520
44520	

803	2622
1	0
0	

803	2630
1	35206
35206	

803	2680
1	12474
12474	

803	2811
1	67669
67669	

803	2949
1	9903
9903	

803	3036
1	15253
15253	

803	3050
1	0
0	

803	3482
1	33952
33952	

803	3541
1	84670
84670	

803	3950
4	94071
0	10810	20391	62870	

803	3989
1	29448
29448	

803	4099
1	89899
89899	

803	4315
1	0
0	

803	4341
1	25585
25585	

803	4351
2	133440
0	133440	

803	4378
1	7232
7232	

803	4505
1	11821
11821	

803	4514
1	22805
22805	

803	4694
2	3533
0	3533	

803	4757
1	0
0	

803	4848
1	85080
85080	

803	4903
2	53006
11001	42005	

803	5198
2	125606
32810	92796	

803	5484
1	13446
13446	

803	5491
2	6075
0	6075	

803	5520
1	6012
6012	

803	5659
1	354415
354415	

803	5761
1	71336
71336	

820	2656
1	36949
36949	

822	1947
1	0
0	

822	4085
1	0
0	

824	603
1	7112
7112	

824	1947
1	0
0	

824	3210
1	20130
20130	

881	576
2	400520
174897	225623	

881	2818
1	35284
35284	

881	4173
1	0
0	

891	4934
1	0
0	

910	521
1	75227
75227	

910	1429
1	6193
6193	

910	3036
1	11384
11384	

910	5151
1	8151
8151	

920	1276
1	62152
62152	

920	1333
1	51181
51181	

920	1797
1	41857
41857	

920	4701
1	38897
38897	

920	5258
1	20047
20047	

922	153
2	8763
0	8763	

922	303
2	174493
50832	123661	

922	1417
1	49164
49164	

922	3245
1	0
0	

922	5562
1	13146
13146	

922	5735
1	64085
64085	

925	3704
1	127326
127326	

938	1363
2	69171
32666	36505	

938	2105
2	15146
0	15146	

938	4966
3	75826
0	27961	47865	

938	5236
1	0
0	

938	5258
1	103918
103918	

944	1953
2	110216
23055	87161	

944	4283
2	43999
0	43999	

991	2055
4	71558
0	2013	26469	43076	

1070	77
2	37077
2341	34736	

1070	1013
1	1387
1387	

1070	1594
1	13497
13497	

1070	2818
1	5571
5571	

1095	27
1	32879
32879	

1095	425
1	0
0	

1095	621
1	46199
46199	

1095	4970
1	8267
8267	

1095	5721
1	0
0	

1134	3766
5	168304
2801	6928	44813	53271	60491	

1153	63
1	75930
75930	

1153	293
3	95218
10095	20525	64598	

1153	366
1	5487
5487	

1153	576
2	91141
0	91141	

1153	671
2	103397
0	103397	

1153	753
1	5147
5147	

1153	1151
3	79562
7984	35712	35866	

1153	1646
1	26907
26907	

1153	2055
2	101806
0	101806	

1153	2232
1	26460
26460	

1153	2680
1	170466
170466	

1153	2818
1	124408
124408	

1153	2967
1	70817
70817	

1153	3091
1	21289
21289	

1153	3541
3	179368
52273	58648	68447	

1153	3618
2	175945
52278	123667	

1153	4498
1	45155
45155	

1153	4764
1	0
0	

1153	4768
1	0
0	

1153	4793
3	199694
60123	65638	73933	

1153	4848
1	65925
65925	

1153	4944
1	190989
190989	

1153	4964
1	96736
96736	

1153	5098
2	69501
27359	42142	

1153	5225
1	54201
54201	

1153	5710
2	75809
0	75809	

1167	297
1	40658
40658	

1167	1407
1	138805
138805	

1167	2408
1	0
0	

1188	30
2	67893
4482	63411	

1188	33
3	132444
7355	54202	70887	

1188	112
1	149234
149234	

1188	173
2	26184
0	26184	

1188	293
1	91053
91053	

1188	297
1	10848
10848	

1188	308
1	88054
88054	

1188	348
1	0
0	

1188	385
1	0
0	

1188	483
1	0
0	

1188	506
1	26000
26000	

1188	523
3	187336
24861	32259	130216	

1188	576
1	7436
7436	

1188	628
1	31375
31375	

1188	661
1	2467
2467	

1188	714
1	0
0	

1188	771
1	59269
59269	

1188	888
1	15520
15520	

1188	920
1	0
0	

1188	944
2	32440
0	32440	

1188	999
1	41837
41837	

1188	1003
1	0
0	

1188	1134
2	83509
40173	43336	

1188	1172
2	39007
0	39007	

1188	1231
1	29660
29660	

1188	1242
1	0
0	

1188	1345
1	59354
59354	

1188	1412
2	65838
7885	57953	

1188	1523
10	922318
0	21859	35706	49518	53134	89483	98765	100510	228587	244756	

1188	1601
2	116224
0	116224	

1188	1612
2	51833
2855	48978	

1188	1638
1	0
0	

1188	1673
3	162153
2160	29173	130820	

1188	1715
1	93097
93097	

1188	1745
2	131037
3518	127519	

1188	1953
1	94498
94498	

1188	1981
1	0
0	

1188	2076
1	177612
177612	

1188	2142
1	8838
8838	

1188	2232
2	86066
33659	52407	

1188	2262
1	10738
10738	

1188	2310
1	74227
74227	

1188	2347
1	47137
47137	

1188	2366
1	77175
77175	

1188	2451
2	9258
0	9258	

1188	2534
1	0
0	

1188	2545
1	90043
90043	

1188	2547
1	0
0	

1188	2579
1	83906
83906	

1188	2630
2	17587
0	17587	

1188	2632
2	64178
0	64178	

1188	2682
2	45259
19896	25363	

1188	2811
1	0
0	

1188	2845
1	201334
201334	

1188	2877
2	506057
239815	266242	

1188	3061
1	0
0	

1188	3103
3	105827
5531	35164	65132	

1188	3148
2	10698
0	10698	

1188	3225
1	0
0	

1188	3267
2	2698
0	2698	

1188	3392
1	47821
47821	

1188	3504
2	22698
10396	12302	

1188	3523
1	4182
4182	

1188	3618
1	194276
194276	

1188	3650
1	0
0	

1188	3668
1	20902
20902	

1188	3762
1	0
0	

1188	4057
1	58246
58246	

1188	4066
1	44613
44613	

1188	4173
1	0
0	

1188	4195
1	0
0	

1188	4264
1	76317
76317	

1188	4299
1	122302
122302	

1188	4386
2	47600
0	47600	

1188	4493
1	38689
38689	

1188	4610
1	6032
6032	

1188	4636
1	0
0	

1188	4694
1	0
0	

1188	4697
2	118425
27479	90946	

1188	4701
1	175804
175804	

1188	4747
1	0
0	

1188	4757
1	0
0	

1188	4890
2	82827
31551	51276	

1188	4944
1	98801
98801	

1188	4975
1	175542
175542	

1188	5054
1	85543
85543	

1188	5098
2	47248
20816	26432	

1188	5150
1	3799
3799	

1188	5258
2	15640
0	15640	

1188	5404
2	166603
69347	97256	

1188	5458
2	64907
0	64907	

1188	5562
1	45121
45121	

1188	5635
1	10750
10750	

1188	5659
1	395558
395558	

1188	5735
1	0
0	

1294	3631
1	61411
61411	

1301	5236
1	30665
30665	

1475	3432
2	127589
56030	71559	

1475	5651
1	32447
32447	

1481	2877
1	93131
93131	

1481	5680
1	15373
15373	

1537	2
1	29616
29616	

1537	348
1	220422
220422	

1537	1417
1	0
0	

1537	3666
1	65196
65196	

1537	3814
1	0
0	

1537	4264
1	33595
33595	

1537	4694
1	46401
46401	

1537	5054
1	67571
67571	

1537	5236
1	0
0	

1601	4493
1	82615
82615	

1619	378
1	71855
71855	

1619	881
1	10998
10998	

1619	1037
1	38530
38530	

1619	1167
1	0
0	

1619	1523
1	6474
6474	

1625	353
1	33713
33713	

1625	366
1	24382
24382	

1625	458
1	0
0	

1625	757
1	13412
13412	

1625	1095
1	0
0	

1625	1231
1	37274
37274	

1625	1333
1	51387
51387	

1625	1417
1	0
0	

1625	1429
2	60592
24213	36379	

1625	1481
2	27666
0	27666	

1625	1582
1	10200
10200	

1625	1594
2	3967
0	3967	

1625	1884
2	0
0	0	

1625	2207
1	98002
98002	

1625	2528
1	19442
19442	

1625	2581
2	41156
0	41156	

1625	2597
1	37638
37638	

1625	2967
1	41148
41148	

1625	3036
1	24906
24906	

1625	3244
1	3295
3295	

1625	3557
1	2372
2372	

1625	4315
1	18689
18689	

1625	4341
1	6437
6437	

1625	5116
2	5387
0	5387	

1625	5118
2	27420
0	27420	

1625	5142
2	27000
0	27000	

1625	5151
1	63700
63700	

1625	5534
1	21973
21973	

1625	5628
1	0
0	

1625	5651
1	1905
1905	

1625	5680
1	76720
76720	

1625	5764
1	6510
6510	

1646	419
1	39642
39642	

1646	671
2	84511
42146	42365	

1646	673
1	80803
80803	

1646	1013
1	1977
1977	

1646	2178
1	0
0	

1646	2773
2	126219
42221	83998	

1646	2949
1	19536
19536	

1678	523
1	0
0	

1678	2207
1	35895
35895	

1678	2907
1	0
0	

1678	3762
1	148411
148411	

1678	4834
1	8808
8808	

1693	227
1	13442
13442	

1693	517
2	61271
0	61271	

1693	603
3	315006
20270	96578	198158	

1693	1384
2	41235
17580	23655	

1693	1947
1	0
0	

1693	2093
2	243919
117397	126522	

1693	2105
1	10132
10132	

1693	2203
1	212987
212987	

1693	2657
2	172653
0	172653	

1693	2674
3	233286
4608	25793	202885	

1693	2752
1	82966
82966	

1693	2762
1	0
0	

1693	3388
3	282267
28765	39282	214220	

1693	4038
1	150177
150177	

1693	4085
1	59864
59864	

1693	4178
2	188436
75268	113168	

1693	4267
2	19478
5945	13533	

1693	4998
1	12437
12437	

1693	5097
1	132028
132028	

1693	5121
3	161658
0	40307	121351	

1693	5136
1	75452
75452	

1693	5348
1	118009
118009	

1693	5497
2	217507
5907	211600	

1693	5667
2	235658
34969	200689	

1693	5668
1	112632
112632	

1761	3479
1	30872
30872	

1761	3949
1	97505
97505	

1761	5404
1	29128
29128	

1763	293
3	62430
0	17725	44705	

1763	671
2	24294
10427	13867	

1763	2025
1	24710
24710	

1763	2630
1	19456
19456	

1763	3050
1	0
0	

1763	3103
1	18317
18317	

1763	3210
1	22950
22950	

1763	3618
1	17832
17832	

1763	3762
2	73840
21223	52617	

1763	4057
3	117359
26803	28455	62101	

1763	4498
1	23333
23333	

1763	4793
1	0
0	

1763	4848
2	85547
28812	56735	

1763	5098
2	66225
8999	57226	

1788	5667
1	0
0	

1797	177
1	352837
352837	

1797	335
1	0
0	

1797	1221
1	0
0	

1797	1638
1	13155
13155	

1797	1678
2	134271
0	134271	

1797	2025
1	56635
56635	

1797	2207
1	67482
67482	

1797	2310
1	64800
64800	

1797	2426
1	0
0	

1797	2547
1	33988
33988	

1797	2597
1	0
0	

1797	2907
1	12307
12307	

1797	3392
1	45771
45771	

1797	3603
1	5537
5537	

1797	3618
2	197226
93178	104048	

1797	3762
2	12681
4701	7980	

1797	4057
1	49950
49950	

1797	4097
1	228285
228285	

1797	4493
2	4149
0	4149	

1797	4793
1	0
0	

1797	4848
1	40353
40353	

1797	4944
1	431380
431380	

1797	5074
1	0
0	

1797	5534
2	27659
0	27659	

1797	5579
1	0
0	

1797	5669
1	74588
74588	

1797	5682
1	0
0	

1798	757
1	15259
15259	

1798	2178
1	0
0	

1884	458
1	86399
86399	

1914	12
1	0
0	

1914	2181
1	64186
64186	

1914	3166
1	129577
129577	

1914	3210
1	22875
22875	

1914	4085
1	57512
57512	

1914	4178
1	15684
15684	

1914	5059
1	53208
53208	

1914	5097
1	0
0	

1914	5667
1	25354
25354	

1981	483
1	57874
57874	

2028	308
1	162035
162035	

2028	1576
1	76103
76103	

2028	2135
1	35030
35030	

2028	2770
1	57018
57018	

2028	3050
1	0
0	

2028	3343
1	14895
14895	

2028	3444
2	158136
0	158136	

2028	4378
1	374875
374875	

2028	4505
1	35506
35506	

2028	4514
1	0
0	

2028	4636
1	0
0	

2089	2566
2	126121
23306	102815	

2089	5534
1	50180
50180	

2135	63
1	227089
227089	

2135	71
1	128353
128353	

2135	308
1	69347
69347	

2135	400
1	45875
45875	

2135	891
1	104678
104678	

2135	1175
1	23740
23740	

2135	1242
1	0
0	

2135	1388
1	57817
57817	

2135	1519
1	54755
54755	

2135	1558
1	29856
29856	

2135	1576
2	31477
0	31477	

2135	1969
1	10183
10183	

2135	2357
1	16379
16379	

2135	2416
1	16710
16710	

2135	2566
1	54482
54482	

2135	3050
1	0
0	

2135	3327
1	112374
112374	

2135	3950
1	0
0	

2135	4351
1	50820
50820	

2135	4378
1	79559
79559	

2135	4636
1	0
0	

2135	4757
1	22344
22344	

2135	4934
2	51725
7061	44664	

2135	5198
1	20719
20719	

2135	5480
1	0
0	

2135	5701
1	0
0	

2148	521
1	0
0	

2148	2028
1	524
524	

2148	2529
1	36880
36880	

2148	4636
1	0
0	

2148	5050
1	127483
127483	

2148	5116
1	150955
150955	

2148	5701
2	3339
0	3339	

2178	10
1	6883
6883	

2178	425
1	9017
9017	

2178	1037
1	0
0	

2178	2232
1	76573
76573	

2178	2581
1	30701
30701	

2178	2630
1	8276
8276	

2178	2927
1	0
0	

2178	3392
2	140824
68253	72571	

2178	3432
2	258205
128942	129263	

2178	3750
1	37376
37376	

2178	3762
1	95443
95443	

2178	4493
1	50325
50325	

2178	4668
1	104953
104953	

2178	4793
3	178359
8517	40143	129699	

2178	4970
1	29876
29876	

2178	5294
2	146258
0	146258	

2256	303
1	0
0	

2256	1636
1	139796
139796	

2256	5236
3	240609
9973	86320	144316	

2363	2657
1	53367
53367	

2387	33
1	52985
52985	

2387	135
1	50568
50568	

2387	386
1	68536
68536	

2387	434
1	27037
27037	

2387	576
3	494711
5601	44104	445006	

2387	599
1	33818
33818	

2387	609
1	0
0	

2387	890
1	169596
169596	

2387	1037
2	136623
4870	131753	

2387	1276
1	4156
4156	

2387	1333
2	126824
0	126824	

2387	2076
1	10773
10773	

2387	2178
1	4997
4997	

2387	2203
2	234264
6708	227556	

2387	2342
1	54112
54112	

2387	2363
1	4875
4875	

2387	2401
1	0
0	

2387	2413
1	58561
58561	

2387	2494
1	0
0	

2387	2566
1	0
0	

2387	3048
1	185575
185575	

2387	3078
1	0
0	

2387	3245
1	17941
17941	

2387	3432
1	16204
16204	

2387	3479
2	106370
0	106370	

2387	3668
1	69479
69479	

2387	3864
1	253475
253475	

2387	3949
1	105823
105823	

2387	3979
1	80792
80792	

2387	3989
1	7096
7096	

2387	4150
1	73276
73276	

2387	4322
1	0
0	

2387	4890
1	44845
44845	

2387	4964
1	174737
174737	

2387	4975
2	187069
18301	168768	

2387	5517
1	204457
204457	

2387	5669
1	184913
184913	

2387	5685
1	52837
52837	

2387	5738
1	0
0	

2408	297
1	0
0	

2408	378
3	108555
0	15922	92633	

2408	385
1	0
0	

2408	410
1	5303
5303	

2408	771
1	24095
24095	

2408	1363
1	0
0	

2408	1407
1	20353
20353	

2408	1745
1	0
0	

2408	1797
1	55189
55189	

2408	2256
1	0
0	

2408	2262
1	22464
22464	

2408	2626
1	5155
5155	

2408	2917
2	142377
0	142377	

2408	4366
1	23663
23663	

2408	4966
2	29143
0	29143	

2408	5074
1	24079
24079	

2408	5743
1	16862
16862	

2413	10
1	18263
18263	

2413	22
1	25378
25378	

2413	33
2	60074
19187	40887	

2413	75
1	26181
26181	

2413	198
1	0
0	

2413	223
1	65200
65200	

2413	293
1	2141
2141	

2413	303
1	13544
13544	

2413	304
3	49203
0	0	49203	

2413	348
1	0
0	

2413	371
2	100503
40733	59770	

2413	378
2	96319
14029	82290	

2413	385
1	0
0	

2413	386
5	118716
0	14704	17211	17627	69174	

2413	410
1	0
0	

2413	419
4	585379
63474	72479	122553	326873	

2413	423
1	11007
11007	

2413	434
2	99123
4487	94636	

2413	483
2	148708
35707	113001	

2413	498
1	7719
7719	

2413	506
1	111168
111168	

2413	521
1	20487
20487	

2413	576
2	90691
40090	50601	

2413	628
2	27235
5185	22050	

2413	642
1	10521
10521	

2413	671
2	43633
20802	22831	

2413	673
2	52770
5371	47399	

2413	714
1	18423
18423	

2413	753
1	26474
26474	

2413	757
4	293549
27672	58802	99171	107904	

2413	771
1	0
0	

2413	782
1	77477
77477	

2413	790
3	75398
0	32536	42862	

2413	820
1	22378
22378	

2413	888
3	66153
0	33029	33124	

2413	890
2	101877
0	101877	

2413	920
2	14862
0	14862	

2413	922
1	26066
26066	

2413	925
1	31125
31125	

2413	991
1	29204
29204	

2413	999
2	6337
0	6337	

2413	1003
1	12685
12685	

2413	1037
4	187025
1406	21607	68494	95518	

2413	1095
1	57303
57303	

2413	1124
1	33635
33635	

2413	1134
1	35086
35086	

2413	1151
1	38529
38529	

2413	1153
1	33613
33613	

2413	1172
1	5528
5528	

2413	1221
1	40616
40616	

2413	1231
1	21203
21203	

2413	1276
2	119405
0	119405	

2413	1333
2	47467
14951	32516	

2413	1345
1	119196
119196	

2413	1383
1	88788
88788	

2413	1412
3	563172
88849	228417	245906	

2413	1413
1	64732
64732	

2413	1481
1	0
0	

2413	1523
1	29242
29242	

2413	1537
1	0
0	

2413	1582
1	8016
8016	

2413	1599
1	65395
65395	

2413	1601
1	35946
35946	

2413	1619
3	42865
0	6059	36806	

2413	1636
1	19169
19169	

2413	1678
1	0
0	

2413	1715
1	59059
59059	

2413	1745
1	61395
61395	

2413	1797
6	333285
0	16017	31602	46189	92951	146526	

2413	1798
1	38684
38684	

2413	1852
3	2506797
0	3374	2503423	

2413	1973
1	11707
11707	

2413	1981
5	139768
0	0	21447	41681	76640	

2413	2025
1	139752
139752	

2413	2076
1	111605
111605	

2413	2103
3	99276
25741	32174	41361	

2413	2105
1	0
0	

2413	2116
1	114975
114975	

2413	2135
2	39061
0	39061	

2413	2142
1	34422
34422	

2413	2158
2	23874
5105	18769	

2413	2178
3	127720
39942	41358	46420	

2413	2203
1	67886
67886	

2413	2207
2	64098
27517	36581	

2413	2256
2	34068
14015	20053	

2413	2262
1	31583
31583	

2413	2289
2	23425
0	23425	

2413	2310
1	77752
77752	

2413	2363
1	45617
45617	

2413	2401
2	108263
0	108263	

2413	2404
2	60668
25183	35485	

2413	2451
1	141835
141835	

2413	2473
1	0
0	

2413	2484
1	70983
70983	

2413	2492
2	171473
76639	94834	

2413	2494
3	59503
0	9345	50158	

2413	2528
1	1907
1907	

2413	2545
2	144592
52426	92166	

2413	2579
1	4848
4848	

2413	2581
3	35319
7428	13529	14362	

2413	2622
1	36034
36034	

2413	2626
2	69585
22731	46854	

2413	2628
4	110426
3302	8017	46734	52373	

2413	2638
1	57537
57537	

2413	2651
1	112156
112156	

2413	2657
1	74703
74703	

2413	2682
1	28461
28461	

2413	2773
1	217312
217312	

2413	2809
1	16001
16001	

2413	2818
1	0
0	

2413	2845
1	8429
8429	

2413	2877
1	29892
29892	

2413	2907
1	46126
46126	

2413	2917
3	281917
44929	95661	141327	

2413	2927
1	67590
67590	

2413	2948
1	8085
8085	

2413	2959
2	258118
119229	138889	

2413	3005
1	43242
43242	

2413	3009
1	0
0	

2413	3061
1	14803
14803	

2413	3078
3	94862
7296	29065	58501	

2413	3091
1	12336
12336	

2413	3103
2	141205
63663	77542	

2413	3148
1	6917
6917	

2413	3149
2	160555
26404	134151	

2413	3200
2	19842
0	19842	

2413	3210
1	191334
191334	

2413	3225
1	49360
49360	

2413	3245
1	9693
9693	

2413	3253
1	0
0	

2413	3267
2	56250
0	56250	

2413	3305
1	71898
71898	

2413	3349
2	197994
44273	153721	

2413	3409
2	3700
0	3700	

2413	3432
2	51171
0	51171	

2413	3459
1	19205
19205	

2413	3523
2	66107
10343	55764	

2413	3541
1	0
0	

2413	3618
1	55424
55424	

2413	3650
2	140021
38873	101148	

2413	3704
4	616747
11313	70017	85031	450386	

2413	3709
1	31142
31142	

2413	3724
2	123228
18308	104920	

2413	3750
1	3997
3997	

2413	3766
1	156393
156393	

2413	3793
1	5386
5386	

2413	3804
2	12849
0	12849	

2413	3814
1	43755
43755	

2413	3864
1	72849
72849	

2413	3869
1	80593
80593	

2413	3883
1	55471
55471	

2413	3891
2	83309
12411	70898	

2413	3893
1	43388
43388	

2413	3898
1	0
0	

2413	3937
1	81132
81132	

2413	3967
1	128284
128284	

2413	3972
1	0
0	

2413	3979
1	0
0	

2413	4097
1	56335
56335	

2413	4099
1	3577
3577	

2413	4131
1	81924
81924	

2413	4150
1	151947
151947	

2413	4173
3	71293
0	3933	67360	

2413	4264
1	0
0	

2413	4283
1	0
0	

2413	4299
1	43974
43974	

2413	4315
1	0
0	

2413	4322
3	177820
0	22916	154904	

2413	4366
4	523948
18087	108599	109243	288019	

2413	4440
1	52754
52754	

2413	4493
1	295920
295920	

2413	4498
1	88171
88171	

2413	4512
1	33755
33755	

2413	4531
1	0
0	

2413	4568
1	0
0	

2413	4610
3	293151
35558	124564	133029	

2413	4652
1	44942
44942	

2413	4684
1	0
0	

2413	4697
2	75232
5498	69734	

2413	4701
1	65941
65941	

2413	4712
6	171921
6329	13957	18486	19090	22059	92000	

2413	4717
3	98898
0	49448	49450	

2413	4722
2	36075
15447	20628	

2413	4730
1	64664
64664	

2413	4768
3	70709
8039	27290	35380	

2413	4793
1	0
0	

2413	4834
2	72611
10142	62469	

2413	4890
2	96897
39712	57185	

2413	4903
1	48519
48519	

2413	4934
2	129998
0	129998	

2413	4938
2	86830
37002	49828	

2413	4944
1	122435
122435	

2413	4966
3	41955
0	0	41955	

2413	4970
1	123979
123979	

2413	5054
1	39420
39420	

2413	5074
2	44483
17151	27332	

2413	5084
2	59468
0	59468	

2413	5098
1	11405
11405	

2413	5169
2	36676
17234	19442	

2413	5194
2	36143
0	36143	

2413	5236
2	29174
0	29174	

2413	5258
2	36947
0	36947	

2413	5311
2	51891
0	51891	

2413	5365
1	77515
77515	

2413	5458
1	0
0	

2413	5484
1	0
0	

2413	5491
3	183291
45977	63378	73936	

2413	5504
3	36097
7139	10500	18458	

2413	5513
2	49140
0	49140	

2413	5517
3	180625
9460	72880	98285	

2413	5520
1	33729
33729	

2413	5571
1	15227
15227	

2413	5579
1	48327
48327	

2413	5628
2	100546
20942	79604	

2413	5635
2	92817
23736	69081	

2413	5654
2	47483
3723	43760	

2413	5659
1	62811
62811	

2413	5670
1	99790
99790	

2413	5682
1	20097
20097	

2413	5685
1	28020
28020	

2413	5710
1	24384
24384	

2413	5721
1	22155
22155	

2413	5738
1	10342
10342	

2413	5743
3	46983
0	5723	41260	

2413	5764
1	15974
15974	

2454	12
1	38462
38462	

2454	603
1	25861
25861	

2454	1788
1	141125
141125	

2454	1947
1	129456
129456	

2454	2762
3	53392
0	24983	28409	

2454	2969
1	0
0	

2454	4038
1	8818
8818	

2454	4267
1	55941
55941	

2454	5168
1	68545
68545	

2454	5497
3	32921
2141	7983	22797	

2454	5667
1	58999
58999	

2454	5668
1	199527
199527	

2484	198
1	0
0	

2484	628
1	164301
164301	

2484	2413
1	11848
11848	

2484	3253
1	0
0	

2484	3349
1	31536
31536	

2484	3848
1	0
0	

2484	3950
1	64095
64095	

2484	4712
1	20624
20624	

2484	4938
1	62653
62653	

2484	5311
1	0
0	

2484	5364
1	32918
32918	

2484	5761
1	23168
23168	

2511	63
1	28034
28034	

2511	386
1	487423
487423	

2511	419
1	21407
21407	

2511	1242
1	0
0	

2511	1475
1	49709
49709	

2511	1576
1	43687
43687	

2511	1969
1	0
0	

2511	2135
1	0
0	

2511	3482
1	37458
37458	

2511	3848
1	118648
118648	

2511	5682
1	0
0	

2528	1417
1	0
0	

2545	410
1	39987
39987	

2545	2917
3	153579
35086	50441	68052	

2622	4890
2	66137
20986	45151	

2628	5670
1	34128
34128	

2682	1172
6	658632
22692	84896	111815	129749	152448	157032	

2682	1638
2	180076
45387	134689	

2682	2076
2	106776
4537	102239	

2682	2451
1	44937
44937	

2682	2845
3	47034
0	10797	36237	

2682	4975
7	726010
0	40703	59201	102588	122130	156075	245313	

2697	673
1	43467
43467	

2697	1599
1	18070
18070	

2697	2773
1	55384
55384	

2697	2948
6	211499
0	6654	10741	17799	36209	140096	

2760	400
1	63504
63504	

2760	2357
1	0
0	

2760	2941
1	0
0	

2760	3327
2	92797
37544	55253	

2760	4505
1	45253
45253	

2760	4636
1	0
0	

2811	2603
1	94543
94543	

2811	4848
2	55190
8582	46608	

2845	135
1	16150
16150	

2845	790
1	0
0	

2845	803
1	0
0	

2845	888
1	48308
48308	

2845	920
1	0
0	

2845	1151
1	0
0	

2845	1172
1	53319
53319	

2845	1636
1	35405
35405	

2845	1989
6	114695
3614	7312	8457	8898	26010	60404	

2845	2076
1	0
0	

2845	2158
1	24518
24518	

2845	2178
1	4267
4267	

2845	2256
1	29583
29583	

2845	2342
1	81155
81155	

2845	2473
1	87959
87959	

2845	2545
1	0
0	

2845	2948
4	142827
0	30242	51187	61398	

2845	3200
1	0
0	

2845	3329
1	432348
432348	

2845	3459
1	62267
62267	

2845	3631
1	0
0	

2845	3869
1	50082
50082	

2845	3893
1	93939
93939	

2845	4099
1	68648
68648	

2845	4131
1	0
0	

2845	4512
1	135527
135527	

2845	4529
1	69021
69021	

2845	4684
1	49463
49463	

2845	5236
1	131056
131056	

2845	5258
1	7492
7492	

2845	5571
2	57711
5078	52633	

2917	410
2	189906
1872	188034	

2948	293
2	68592
0	68592	

2948	673
1	60591
60591	

2948	1153
1	4661
4661	

2948	1294
4	226389
0	40223	43815	142351	

2948	1357
1	0
0	

2948	1599
1	13983
13983	

2948	1646
1	45303
45303	

2948	1798
2	13288
0	13288	

2948	2025
1	64292
64292	

2948	2603
1	136737
136737	

2948	2680
1	34825
34825	

2948	2773
1	51601
51601	

2948	3103
2	21096
0	21096	

2948	3210
1	85808
85808	

2948	3550
2	118060
11249	106811	

2948	3631
2	55163
8077	47086	

2948	3668
3	54839
0	9708	45131	

2948	3762
1	49768
49768	

2948	4493
1	30620
30620	

2948	4498
1	44657
44657	

2948	4505
1	1999
1999	

2948	4636
1	0
0	

2948	4730
1	22199
22199	

2948	4848
1	0
0	

2948	5098
1	0
0	

2948	5579
1	75500
75500	

2949	2055
3	222240
0	90724	131516	

2971	822
1	102111
102111	

2988	223
1	142840
142840	

2988	348
1	69895
69895	

2988	371
1	120719
120719	

2988	410
1	0
0	

2988	540
1	32561
32561	

2988	609
1	36275
36275	

2988	642
1	298176
298176	

2988	671
1	155139
155139	

2988	753
1	45431
45431	

2988	757
1	13756
13756	

2988	790
1	33202
33202	

2988	938
1	40250
40250	

2988	999
1	131252
131252	

2988	1357
1	3975
3975	

2988	1363
1	415601
415601	

2988	1413
1	70824
70824	

2988	1636
2	83696
31158	52538	

2988	1678
1	0
0	

2988	1715
1	52069
52069	

2988	1798
1	0
0	

2988	1852
2	145869
36420	109449	

2988	2256
1	0
0	

2988	2363
1	136036
136036	

2988	2401
1	0
0	

2988	2494
1	0
0	

2988	2528
1	8115
8115	

2988	2603
1	144270
144270	

2988	2622
1	25693
25693	

2988	2628
2	104152
0	104152	

2988	2632
1	0
0	

2988	2809
1	42937
42937	

2988	2811
1	41102
41102	

2988	2877
2	553629
77130	476499	

2988	2907
1	80641
80641	

2988	2927
1	11423
11423	

2988	2948
1	52076
52076	

2988	3009
1	2990
2990	

2988	3208
1	4205
4205	

2988	3225
1	27494
27494	

2988	3409
1	62765
62765	

2988	3650
3	277326
10426	66200	200700	

2988	3750
1	4067
4067	

2988	3793
2	153057
0	153057	

2988	3804
1	69383
69383	

2988	3869
1	33618
33618	

2988	3891
1	119459
119459	

2988	4097
1	154779
154779	

2988	4150
1	35033
35033	

2988	4512
1	204909
204909	

2988	4610
1	40931
40931	

2988	4701
1	39074
39074	

2988	4722
1	30691
30691	

2988	4730
1	0
0	

2988	4768
1	64900
64900	

2988	4834
1	214404
214404	

2988	4848
1	71582
71582	

2988	5054
1	23205
23205	

2988	5194
1	0
0	

2988	5513
1	183392
183392	

2988	5562
1	33032
33032	

2988	5669
1	14556
14556	

2988	5670
1	194193
194193	

2988	5682
1	0
0	

3005	135
1	31753
31753	

3005	609
1	93659
93659	

3005	790
1	0
0	

3005	1558
1	7988
7988	

3005	1830
1	31900
31900	

3005	3048
1	101351
101351	

3005	3459
1	17060
17060	

3005	3893
1	141944
141944	

3005	4237
1	0
0	

3005	4529
1	224687
224687	

3005	4684
1	63758
63758	

3050	673
1	0
0	

3050	2347
1	24501
24501	

3050	5050
1	147585
147585	

3050	5480
2	89474
15494	73980	

3069	10
1	0
0	

3069	27
1	32960
32960	

3069	63
2	50949
13913	37036	

3069	77
1	33526
33526	

3069	278
1	0
0	

3069	1345
2	10597
2215	8382	

3069	1407
2	20571
8416	12155	

3069	1594
3	9317
2084	3409	3824	

3069	2135
1	0
0	

3069	2347
3	50119
0	4915	45204	

3069	2547
1	64259
64259	

3069	3344
1	0
0	

3069	3475
1	50093
50093	

3069	4684
1	82092
82092	

3069	5721
1	0
0	

3078	506
1	0
0	

3078	576
2	271045
9518	261527	

3091	1345
1	105928
105928	

3091	3009
1	0
0	

3200	609
2	41301
0	41301	

3200	790
1	5578
5578	

3200	888
2	52395
21407	30988	

3200	3005
1	0
0	

3200	3893
1	106581
106581	

3200	4237
1	49597
49597	

3200	4322
1	18602
18602	

3200	4529
2	48106
23521	24585	

3200	4684
1	62225
62225	

3225	2927
1	11227
11227	

3253	671
1	27333
27333	

3253	1638
1	8086
8086	

3253	2262
2	78057
27370	50687	

3253	2638
1	83337
83337	

3253	4848
1	82707
82707	

3253	4964
1	0
0	

3267	178
1	54977
54977	

3267	1745
2	89216
5470	83746	

3267	5635
1	5203
5203	

3343	3444
2	705214
70045	635169	

3344	278
2	120847
9665	111182	

3344	1345
1	161337
161337	

3344	1388
1	31078
31078	

3344	3244
1	72997
72997	

3344	4299
2	654779
170623	484156	

3344	5628
1	3945
3945	

3406	661
1	9954
9954	

3406	2529
1	35790
35790	

3406	3479
1	0
0	

3406	3482
1	49326
49326	

3406	3949
1	22219
22219	

3406	4322
1	0
0	

3406	5534
1	15441
15441	

3409	2632
3	51137
0	0	51137	

3432	4668
1	0
0	

3482	1013
1	46722
46722	

3482	1242
1	0
0	

3482	2028
2	0
0	0	

3482	2089
1	60603
60603	

3482	2566
1	0
0	

3482	3343
1	33229
33229	

3482	4514
1	1566
1566	

3490	1003
1	12784
12784	

3490	3061
1	47107
47107	

3490	4299
1	147190
147190	

3490	5520
1	62573
62573	

3490	5659
2	108445
10713	97732	

3567	135
1	8519
8519	

3567	790
1	17284
17284	

3567	1830
1	0
0	

3567	3200
1	28620
28620	

3567	3329
1	148813
148813	

3567	3459
1	19634
19634	

3567	3893
1	300075
300075	

3567	4529
2	87514
9609	77905	

3567	4684
4	382586
30245	31863	155390	165088	

3606	353
1	14798
14798	

3606	3036
1	10068
10068	

3606	3244
1	4373
4373	

3606	5118
1	76856
76856	

3666	2
1	0
0	

3666	303
1	18546
18546	

3666	5735
2	0
0	0	

3724	71
1	65720
65720	

3724	335
1	0
0	

3724	785
1	38240
38240	

3724	1242
1	0
0	

3724	1558
1	37560
37560	

3724	2028
1	0
0	

3724	2135
1	0
0	

3724	2357
1	0
0	

3724	2492
2	199117
31552	167565	

3724	3091
1	7840
7840	

3724	3550
1	0
0	

3724	3950
1	59255
59255	

3724	4351
2	34982
13348	21634	

3724	4378
1	21318
21318	

3724	4757
1	13961
13961	

3724	4934
1	12080
12080	

3724	5484
1	22063
22063	

3724	5738
1	14297
14297	

3724	5743
1	90294
90294	

3762	3541
1	13004
13004	

3762	4057
1	93810
93810	

3766	820
1	12358
12358	

3766	1134
1	0
0	

3766	2651
2	78753
19808	58945	

3766	2959
1	0
0	

3804	2366
2	14325
3580	10745	

3804	3078
1	32551
32551	

3804	3504
2	0
0	0	

3804	3949
2	141494
41187	100307	

3804	3989
2	48304
16647	31657	

3832	2454
1	28590
28590	

3832	4038
1	581051
581051	

3832	5136
1	0
0	

3869	1599
1	42225
42225	

3883	2401
1	66119
66119	

3883	5685
1	6543
6543	

3898	293
2	50645
6210	44435	

3898	506
1	9355
9355	

3898	540
1	15543
15543	

3898	1276
1	53722
53722	

3898	1601
1	156373
156373	

3898	2025
1	7371
7371	

3898	2103
1	44641
44641	

3898	2366
2	3014
0	3014	

3898	2818
1	28677
28677	

3898	2948
1	92484
92484	

3898	3050
1	0
0	

3898	3078
2	36808
0	36808	

3898	3148
1	60479
60479	

3898	3409
1	0
0	

3898	3541
1	35308
35308	

3898	3668
1	0
0	

3898	3762
1	100013
100013	

3898	4505
1	3427
3427	

3898	5098
1	21493
21493	

3898	5225
1	87913
87913	

3898	5484
1	2102
2102	

3937	757
1	9419
9419	

3937	771
1	100761
100761	

3937	2105
2	99705
0	99705	

3937	3267
1	76886
76886	

3937	3490
1	0
0	

3937	4890
1	0
0	

3937	4966
1	75240
75240	

3937	5258
1	63748
63748	

3950	3253
1	35123
35123	

3972	1797
1	96668
96668	

3972	1884
1	0
0	

3979	757
1	4145
4145	

4066	661
1	20635
20635	

4067	521
1	126844
126844	

4067	1481
1	0
0	

4067	1884
1	0
0	

4067	3459
1	18739
18739	

4067	3606
1	129534
129534	

4067	4241
1	4463
4463	

4085	4038
1	119623
119623	

4099	2158
1	30859
30859	

4150	3967
1	0
0	

4195	2088
1	19504
19504	

4217	12
1	0
0	

4217	227
1	6417
6417	

4217	517
1	0
0	

4217	603
1	54800
54800	

4217	822
1	111396
111396	

4217	824
1	88590
88590	

4217	1384
1	97482
97482	

4217	1788
1	78064
78064	

4217	1947
1	0
0	

4217	2093
4	260785
20395	55282	66558	118550	

4217	2181
1	0
0	

4217	2203
1	15023
15023	

4217	2762
1	36228
36228	

4217	2969
1	0
0	

4217	2971
3	117581
0	49270	68311	

4217	3166
1	0
0	

4217	3388
2	3858
0	3858	

4217	3832
2	100340
11967	88373	

4217	4085
1	0
0	

4217	4178
12	724012
0	7196	11936	22144	22412	38760	43296	54544	88481	113021	150762	171460	

4217	4267
1	0
0	

4217	5121
2	69052
24749	44303	

4217	5136
2	283057
0	283057	

4217	5168
1	36818
36818	

4217	5348
1	45109
45109	

4217	5497
1	0
0	

4217	5667
3	144105
0	39762	104343	

4222	27
1	38394
38394	

4222	30
3	104127
21532	29571	53024	

4241	221
1	28492
28492	

4241	1124
1	0
0	

4241	2289
1	26871
26871	

4241	3078
1	17957
17957	

4241	3149
1	85102
85102	

4241	3305
1	174015
174015	

4241	3504
2	211971
16723	195248	

4241	3989
1	42344
42344	

4241	5654
1	118539
118539	

4267	12
1	24886
24886	

4267	92
4	337558
41600	71538	72220	152200	

4267	227
4	161804
0	21318	22026	118460	

4267	517
1	0
0	

4267	603
1	195292
195292	

4267	824
3	228907
19419	72676	136812	

4267	1384
1	0
0	

4267	1693
6	569643
0	2613	10649	35635	256357	264389	

4267	1788
1	66145
66145	

4267	2093
4	526791
34107	38878	217842	235964	

4267	2181
2	184625
12944	171681	

4267	2454
1	67544
67544	

4267	2674
1	69160
69160	

4267	2762
1	0
0	

4267	2969
1	54895
54895	

4267	2971
2	63389
12664	50725	

4267	3166
2	255366
0	255366	

4267	3388
2	13747
0	13747	

4267	4178
3	31497
6154	8363	16980	

4267	4998
1	154687
154687	

4267	5121
2	11327
0	11327	

4267	5168
2	47858
9953	37905	

4267	5497
1	181591
181591	

4267	5667
1	113232
113232	

4267	5668
2	47672
0	47672	

4315	4730
1	31596
31596	

4322	1761
1	139440
139440	

4322	3949
1	353253
353253	

4341	498
1	11579
11579	

4341	1153
1	0
0	

4341	1582
3	210775
0	53954	156821	

4341	1646
1	30815
30815	

4341	2232
2	16475
0	16475	

4341	2310
1	0
0	

4341	2547
2	55305
0	55305	

4341	2597
1	66462
66462	

4341	3603
1	0
0	

4341	4944
1	318534
318534	

4341	5225
1	0
0	

4341	5534
2	73017
13979	59038	

4440	2
1	0
0	

4440	22
1	9211
9211	

4440	33
1	102124
102124	

4440	63
1	50949
50949	

4440	71
1	45431
45431	

4440	75
1	0
0	

4440	112
2	215235
54571	160664	

4440	135
2	59490
0	59490	

4440	173
2	152896
64611	88285	

4440	177
1	94747
94747	

4440	178
1	33246
33246	

4440	278
1	48284
48284	

4440	353
1	0
0	

4440	371
1	21399
21399	

4440	400
1	90507
90507	

4440	483
1	0
0	

4440	521
1	32143
32143	

4440	523
1	109453
109453	

4440	540
3	94683
18901	30773	45009	

4440	599
3	196379
14897	25244	156238	

4440	621
2	131358
53735	77623	

4440	642
1	51470
51470	

4440	753
2	191084
73164	117920	

4440	757
1	41436
41436	

4440	764
1	100066
100066	

4440	771
1	11834
11834	

4440	782
1	83403
83403	

4440	790
5	111190
3069	6290	12824	32824	56183	

4440	820
1	38316
38316	

4440	888
2	105501
0	105501	

4440	891
2	341805
0	341805	

4440	920
2	38550
7345	31205	

4440	944
2	108631
47979	60652	

4440	1037
3	286222
0	32129	254093	

4440	1070
1	144415
144415	

4440	1129
1	38237
38237	

4440	1134
1	15224
15224	

4440	1153
2	20496
0	20496	

4440	1175
2	41664
0	41664	

4440	1407
1	324076
324076	

4440	1413
2	236179
81938	154241	

4440	1417
1	46319
46319	

4440	1429
1	38119
38119	

4440	1475
2	81482
34760	46722	

4440	1523
1	0
0	

4440	1582
1	5522
5522	

4440	1594
1	44536
44536	

4440	1612
2	183161
59321	123840	

4440	1625
1	0
0	

4440	1673
1	133472
133472	

4440	1715
2	161373
68156	93217	

4440	1745
1	53430
53430	

4440	1797
1	7442
7442	

4440	1852
7	463574
12046	16011	20994	29443	33688	171323	180069	

4440	1953
2	16236
7629	8607	

4440	1981
2	182769
46426	136343	

4440	2028
3	66589
0	33153	33436	

4440	2135
1	16195
16195	

4440	2256
1	26286
26286	

4440	2262
1	34765
34765	

4440	2347
1	75316
75316	

4440	2401
2	79901
23774	56127	

4440	2404
1	30543
30543	

4440	2413
1	0
0	

4440	2426
1	36798
36798	

4440	2492
1	100440
100440	

4440	2494
2	300395
140521	159874	

4440	2529
1	91766
91766	

4440	2547
3	79140
1267	24823	53050	

4440	2579
2	152181
16614	135567	

4440	2622
2	310370
35475	274895	

4440	2626
4	101285
8371	13160	28770	50984	

4440	2628
1	59881
59881	

4440	2632
2	224281
102611	121670	

4440	2638
1	2935
2935	

4440	2651
3	256252
53061	100011	103180	

4440	2656
2	96878
26999	69879	

4440	2770
1	96721
96721	

4440	2927
2	275878
105100	170778	

4440	2948
1	113297
113297	

4440	2988
1	77103
77103	

4440	3005
1	86331
86331	

4440	3009
2	0
0	0	

4440	3050
4	85316
0	0	31453	53863	

4440	3103
1	117501
117501	

4440	3200
1	63139
63139	

4440	3208
1	70990
70990	

4440	3225
1	79351
79351	

4440	3244
1	831
831	

4440	3253
2	95620
35732	59888	

4440	3267
3	135827
0	21143	114684	

4440	3343
1	0
0	

4440	3344
2	67756
25979	41777	

4440	3349
2	131041
53831	77210	

4440	3432
3	130330
41601	44211	44518	

4440	3444
2	39976
0	39976	

4440	3479
1	51063
51063	

4440	3482
3	102901
0	12951	89950	

4440	3504
1	62727
62727	

4440	3523
2	110874
50295	60579	

4440	3603
1	0
0	

4440	3704
1	0
0	

4440	3709
1	82365
82365	

4440	3750
1	56858
56858	

4440	3766
2	189162
67405	121757	

4440	3804
1	63559
63559	

4440	3814
1	19504
19504	

4440	3883
2	84234
40608	43626	

4440	3891
1	83899
83899	

4440	3898
1	0
0	

4440	3972
1	20864
20864	

4440	3979
3	331040
6420	130961	193659	

4440	4066
3	112024
0	20188	91836	

4440	4099
2	220217
0	220217	

4440	4150
1	104832
104832	

4440	4173
1	0
0	

4440	4195
1	0
0	

4440	4222
1	58359
58359	

4440	4241
2	101456
0	101456	

4440	4264
1	69126
69126	

4440	4315
1	31241
31241	

4440	4322
1	3161
3161	

4440	4351
2	97841
32422	65419	

4440	4512
1	66066
66066	

4440	4514
1	68509
68509	

4440	4531
4	122564
0	13185	46189	63190	

4440	4568
3	89194
12873	30771	45550	

4440	4610
2	48040
12251	35789	

4440	4636
2	86818
25129	61689	

4440	4668
1	29354
29354	

4440	4697
1	186154
186154	

4440	4717
1	3912
3912	

4440	4722
1	8373
8373	

4440	4764
2	118063
49765	68298	

4440	4768
3	83293
6082	21206	56005	

4440	4793
1	60431
60431	

4440	4816
2	92983
24186	68797	

4440	4834
2	117016
34711	82305	

4440	4848
1	56540
56540	

4440	4890
2	69106
18663	50443	

4440	4944
2	85008
17571	67437	

4440	5054
1	110131
110131	

4440	5116
1	0
0	

4440	5142
1	1228303
1228303	

4440	5169
1	22886
22886	

4440	5194
3	214243
0	57786	156457	

4440	5258
1	38236
38236	

4440	5311
1	0
0	

4440	5404
1	20303
20303	

4440	5480
1	9101
9101	

4440	5579
1	12638
12638	

4440	5628
1	0
0	

4440	5669
1	63992
63992	

4440	5670
1	0
0	

4440	5680
1	14802
14802	

4440	5685
1	68160
68160	

4440	5701
4	229258
0	29892	62055	137311	

4440	5721
1	0
0	

4440	5735
1	106843
106843	

4440	5761
2	64261
0	64261	

4505	27
2	48115
14960	33155	

4505	77
1	5546
5546	

4505	378
1	11402
11402	

4505	1153
1	522
522	

4505	1221
1	23183
23183	

4505	1646
1	0
0	

4505	2089
1	33744
33744	

4505	2347
3	57688
0	18427	39261	

4505	2547
1	65781
65781	

4505	3392
1	41373
41373	

4505	3762
1	0
0	

4505	4057
1	0
0	

4505	4493
1	5760
5760	

4505	4793
2	41940
19795	22145	

4568	221
2	63497
30929	32568	

4568	3149
1	32392
32392	

4568	3305
1	16362
16362	

4568	5654
1	39301
39301	

4610	135
1	49193
49193	

4610	221
1	51903
51903	

4610	385
1	76797
76797	

4610	609
2	89679
30641	59038	

4610	757
1	3417
3417	

4610	782
1	111041
111041	

4610	888
1	223886
223886	

4610	991
1	65976
65976	

4610	1124
1	46161
46161	

4610	2142
1	41842
41842	

4610	2158
1	31566
31566	

4610	2545
2	329119
115851	213268	

4610	3005
1	70773
70773	

4610	3149
1	55295
55295	

4610	3200
1	28793
28793	

4610	3305
2	153415
35183	118232	

4610	4684
1	4463
4463	

4610	5365
1	14609
14609	

4610	5484
1	0
0	

4610	5654
1	43396
43396	

4610	5738
1	35913
35913	

4628	278
3	90262
0	24433	65829	

4628	2416
1	0
0	

4628	4757
1	6146
6146	

4628	5198
1	0
0	

4652	2581
5	275113
0	0	5852	40091	229170	

4652	2638
1	51742
51742	

4652	5571
1	121512
121512	

4657	434
1	101484
101484	

4657	628
1	259287
259287	

4657	771
1	22697
22697	

4657	2547
1	0
0	

4657	3475
1	225954
225954	

4701	1003
3	34387
0	6088	28299	

4701	3061
1	23404
23404	

4717	4722
1	69595
69595	

4747	782
1	0
0	

4747	2579
1	5053
5053	

4757	4378
1	15439
15439	

4764	925
1	10602
10602	

4764	2628
1	26853
26853	

4764	3009
2	43228
19152	24076	

4764	3704
1	52893
52893	

4764	3967
1	36280
36280	

4764	4150
2	122969
52540	70429	

4764	4768
2	77023
16493	60530	

4764	5169
2	30515
0	30515	

4764	5513
2	334769
122493	212276	

4768	223
1	24637
24637	

4768	753
5	122372
0	0	13157	37340	71875	

4768	925
1	0
0	

4768	1153
1	33286
33286	

4768	3967
1	0
0	

4768	4150
1	45921
45921	

4768	4764
1	0
0	

4768	5169
1	47324
47324	

4768	5364
1	41795
41795	

4816	366
1	7161
7161	

4816	2959
3	88920
0	12267	76653	

4890	75
1	42646
42646	

4890	5669
1	29521
29521	

4938	198
1	23345
23345	

4938	2413
1	0
0	

4966	1363
1	218680
218680	

4970	1013
1	86137
86137	

4970	1095
1	0
0	

4975	2076
1	0
0	

4998	92
1	26436
26436	

4998	603
1	0
0	

4998	2093
1	20496
20496	

4998	2181
1	0
0	

4998	2762
1	0
0	

4998	2969
1	75923
75923	

4998	3832
1	4492
4492	

4998	5667
1	88460
88460	

5050	5480
1	0
0	

5074	335
1	0
0	

5074	1797
3	67943
6715	18739	42489	

5074	2289
1	3405
3405	

5074	3891
1	117783
117783	

5084	425
1	0
0	

5084	458
1	0
0	

5084	2178
1	0
0	

5084	3869
2	18770
4998	13772	

5084	4131
1	129641
129641	

5084	4222
1	25404
25404	

5087	33
1	49891
49891	

5087	112
1	42592
42592	

5087	173
3	46836
0	9726	37110	

5087	178
1	23283
23283	

5087	297
1	0
0	

5087	1413
1	0
0	

5087	1429
1	0
0	

5087	1673
1	16604
16604	

5087	2426
1	0
0	

5087	3009
1	0
0	

5087	3208
2	71259
34927	36332	

5087	3523
2	218114
11027	207087	

5087	4386
1	0
0	

5087	4890
2	59818
6591	53227	

5087	5669
1	48075
48075	

5091	1175
1	75732
75732	

5091	2416
1	6343
6343	

5091	2948
1	0
0	

5091	3650
1	0
0	

5091	5198
1	0
0	

5091	5480
5	225411
0	4963	10940	53641	155867	

5097	92
1	0
0	

5097	1947
1	0
0	

5097	2752
2	116914
23055	93859	

5097	5059
4	240510
32551	48268	59590	100101	

5097	5348
1	0
0	

5121	2256
1	9046
9046	

5121	2657
1	55898
55898	

5121	4267
1	46360
46360	

5121	4998
1	236902
236902	

5121	5497
1	46469
46469	

5121	5504
1	124838
124838	

5142	1388
1	29400
29400	

5142	2357
1	0
0	

5142	5504
1	15298
15298	

5142	5761
2	23059
6801	16258	

5150	135
1	67233
67233	

5150	790
2	15102
0	15102	

5150	890
1	0
0	

5150	1412
1	114814
114814	

5150	1830
1	0
0	

5150	2103
1	23060
23060	

5150	2342
1	20263
20263	

5150	3005
1	0
0	

5150	3048
1	27411
27411	

5150	3200
1	32876
32876	

5150	3349
1	256694
256694	

5150	3459
1	53021
53021	

5150	3864
1	163825
163825	

5150	3893
1	14320
14320	

5150	4712
1	18067
18067	

5150	5311
1	9964
9964	

5150	5364
2	33748
0	33748	

5150	5458
1	58262
58262	

5194	1537
1	78974
78974	

5194	1981
2	23908
0	23908	

5194	2289
1	11444
11444	

5194	3482
1	32034
32034	

5194	5651
1	0
0	

5248	714
1	100899
100899	

5248	2116
1	61057
61057	

5248	3344
1	0
0	

5248	3650
1	69305
69305	

5248	4131
1	163641
163641	

5248	5084
1	11447
11447	

5258	4717
2	6775
0	6775	

5258	4903
1	6891
6891	

5364	628
1	70726
70726	

5364	1852
6	40180
0	4026	4980	5503	10138	15533	

5380	22
1	0
0	

5380	71
1	0
0	

5380	75
1	7878
7878	

5380	77
4	45698
1167	1848	17351	25332	

5380	112
1	42860
42860	

5380	153
1	269846
269846	

5380	293
4	175456
0	11834	16171	147451	

5380	348
2	24320
0	24320	

5380	353
1	15560
15560	

5380	400
2	39141
14213	24928	

5380	419
3	193116
33333	44698	115085	

5380	434
1	13389
13389	

5380	458
1	56714
56714	

5380	506
1	2338
2338	

5380	576
1	146842
146842	

5380	599
1	0
0	

5380	621
1	20385
20385	

5380	642
1	53405
53405	

5380	671
1	93219
93219	

5380	673
2	32803
0	32803	

5380	714
1	0
0	

5380	785
1	0
0	

5380	890
1	0
0	

5380	891
1	30550
30550	

5380	912
1	0
0	

5380	999
1	0
0	

5380	1003
2	67171
11596	55575	

5380	1013
1	78922
78922	

5380	1095
2	280783
825	279958	

5380	1129
1	29608
29608	

5380	1172
3	127675
0	47669	80006	

5380	1294
1	0
0	

5380	1357
1	0
0	

5380	1383
1	3113
3113	

5380	1388
1	64819
64819	

5380	1413
2	50717
0	50717	

5380	1417
1	12692
12692	

5380	1519
1	0
0	

5380	1523
1	16987
16987	

5380	1582
1	34432
34432	

5380	1594
5	112165
4604	5941	14648	20224	66748	

5380	1599
1	10542
10542	

5380	1612
1	0
0	

5380	1625
2	1536
0	1536	

5380	1638
2	205209
40566	164643	

5380	1761
1	11684
11684	

5380	1763
1	0
0	

5380	1797
1	5229
5229	

5380	1798
1	0
0	

5380	1969
1	3619
3619	

5380	1973
1	40407
40407	

5380	1981
1	73677
73677	

5380	1989
5	197816
7885	16543	22144	70634	80610	

5380	2055
1	575423
575423	

5380	2088
2	122401
17073	105328	

5380	2089
1	27117
27117	

5380	2116
2	94009
0	94009	

5380	2135
1	0
0	

5380	2178
1	22962
22962	

5380	2251
3	425752
37577	177974	210201	

5380	2342
1	25472
25472	

5380	2347
2	55862
23205	32657	

5380	2366
1	0
0	

5380	2473
1	0
0	

5380	2492
3	357065
8556	24782	323727	

5380	2547
1	0
0	

5380	2581
2	138011
15223	122788	

5380	2597
1	31686
31686	

5380	2603
3	315390
10973	148810	155607	

5380	2622
2	48766
0	48766	

5380	2626
2	67689
0	67689	

5380	2632
1	98176
98176	

5380	2680
1	8831
8831	

5380	2682
1	8432
8432	

5380	2773
1	76146
76146	

5380	2809
1	15240
15240	

5380	2845
1	0
0	

5380	2927
1	0
0	

5380	2948
2	110061
46589	63472	

5380	2949
2	39393
13773	25620	

5380	2967
1	28876
28876	

5380	3050
1	0
0	

5380	3069
1	13853
13853	

5380	3103
1	20509
20509	

5380	3148
1	3676
3676	

5380	3200
1	157170
157170	

5380	3210
1	0
0	

5380	3244
4	24724
2205	3819	4948	13752	

5380	3245
1	9033
9033	

5380	3253
1	8405
8405	

5380	3327
2	370928
77604	293324	

5380	3329
1	168975
168975	

5380	3343
1	0
0	

5380	3344
1	45823
45823	

5380	3392
1	13592
13592	

5380	3490
1	0
0	

5380	3504
1	4340
4340	

5380	3523
1	11992
11992	

5380	3550
1	55748
55748	

5380	3557
2	7148
0	7148	

5380	3631
1	11174
11174	

5380	3668
2	13817
4238	9579	

5380	3709
1	34107
34107	

5380	3724
3	63614
11971	20486	31157	

5380	3762
1	0
0	

5380	3793
1	16888
16888	

5380	3848
1	0
0	

5380	3950
1	67424
67424	

5380	3972
2	250391
56670	193721	

5380	3979
1	0
0	

5380	3989
1	16785
16785	

5380	4131
1	108753
108753	

5380	4195
1	45757
45757	

5380	4222
1	0
0	

5380	4283
2	305581
126598	178983	

5380	4315
4	335812
0	35939	58199	241674	

5380	4351
1	0
0	

5380	4378
2	114279
0	114279	

5380	4505
2	7912
0	7912	

5380	4514
1	12446
12446	

5380	4531
1	1196
1196	

5380	4628
1	0
0	

5380	4652
1	3903
3903	

5380	4694
1	0
0	

5380	4697
1	57444
57444	

5380	4730
5	132726
14135	20079	28618	29344	40550	

5380	4757
1	0
0	

5380	4793
2	112599
21691	90908	

5380	4834
1	14426
14426	

5380	4848
1	54805
54805	

5380	4903
2	80117
12408	67709	

5380	4934
1	6177
6177	

5380	4938
1	20874
20874	

5380	4944
1	68294
68294	

5380	4964
1	390905
390905	

5380	4975
1	251436
251436	

5380	5054
1	8544
8544	

5380	5091
1	0
0	

5380	5098
2	6575
0	6575	

5380	5118
1	7057
7057	

5380	5150
1	0
0	

5380	5151
1	90100
90100	

5380	5198
1	0
0	

5380	5258
1	0
0	

5380	5484
1	0
0	

5380	5491
1	0
0	

5380	5504
1	4476
4476	

5380	5513
1	2989
2989	

5380	5520
6	513799
2062	33832	50570	83562	153111	190662	

5380	5534
1	118537
118537	

5380	5562
2	205722
54107	151615	

5380	5571
2	96615
27923	68692	

5380	5579
1	40546
40546	

5380	5659
4	515367
0	4841	96739	413787	

5380	5743
4	55883
0	2049	11458	42376	

5380	5761
1	25848
25848	

5381	353
1	0
0	

5381	1429
2	51891
0	51891	

5381	5118
1	0
0	

5381	5194
1	0
0	

5404	3479
1	32104
32104	

5404	3949
1	21915
21915	

5458	628
1	131744
131744	

5458	1981
1	80275
80275	

5458	5364
1	30899
30899	

5517	2401
1	78501
78501	

5517	5685
1	0
0	

5628	177
1	95559
95559	

5628	498
1	24510
24510	

5628	1582
1	0
0	

5628	1678
1	165998
165998	

5628	2310
1	70263
70263	

5628	4097
1	133377
133377	

5628	5491
2	7383
0	7383	

5651	1475
1	0
0	

5651	2363
1	258285
258285	

5651	2528
1	75543
75543	

5651	3253
1	0
0	

5668	4178
1	0
0	

5670	925
1	0
0	

5680	910
2	260705
112238	148467	

5680	1625
1	29756
29756	

5680	2941
1	65120
65120	

5680	3036
1	44357
44357	

5680	5151
1	132793
132793	

5680	5764
1	106102
106102	

5682	523
1	0
0	

5682	2207
1	0
0	

5682	2547
1	0
0	

5682	2907
1	0
0	

5682	4097
1	1621
1621	

5682	4834
1	3010
3010	

5710	434
1	9453
9453	

5710	785
1	0
0	

5710	2581
1	59684
59684	

5710	5225
1	82859
82859	

5738	2178
1	46198
46198	

5738	3061
1	3959
3959	

5738	3305
3	78206
3041	8688	66477	

5738	4890
1	35791
35791	

5738	5365
1	54739
54739	

5743	2492
2	95261
19318	75943	

5743	3891
1	12717
12717	

5764	3036
1	40420
40420	

