225	452
2	67034
23536	43498	

225	543
4	106927
0	0	41500	65427	

225	547
1	61334
61334	

225	1001
2	207426
7378	200048	

225	1233
1	2844
2844	

225	1770
4	763212
0	32212	70502	660498	

225	1885
7	984743
50091	89492	151312	159513	166714	182291	185330	

225	2704
1	33830
33830	

225	3239
1	19668
19668	

225	3935
8	445809
0	1404	11166	11785	34484	70767	86660	229543	

225	4268
1	2134
2134	

225	4651
1	78729
78729	

225	4740
2	68822
0	68822	

225	4762
1	20199
20199	

225	4791
7	206845
0	0	2089	9294	28111	41462	125889	

225	5013
4	262948
0	72548	95007	95393	

225	5085
3	418773
76243	86512	256018	

225	5385
3	115189
0	43300	71889	

447	452
1	25863
25863	

452	547
1	26417
26417	

543	225
7	2048076
14463	27279	45054	94082	137835	179218	1550145	

543	587
2	172408
7863	164545	

543	1001
2	27285
2513	24772	

543	1233
5	824409
0	21075	21140	351249	430945	

543	1500
2	71339
28760	42579	

543	1770
1	0
0	

543	2452
1	279958
279958	

543	2560
3	93397
0	27003	66394	

543	2704
2	57565
8693	48872	

543	3239
2	134372
62770	71602	

543	3746
1	50015
50015	

543	3815
1	116139
116139	

543	3935
4	307751
0	23046	25943	258762	

543	4242
1	54728
54728	

543	4320
1	0
0	

543	4740
1	0
0	

543	4791
4	402154
0	93799	137832	170523	

543	5385
2	113869
49479	64390	

543	5507
1	9842
9842	

547	452
3	55946
14359	19500	22087	

587	3239
1	5404
5404	

587	5085
1	1754
1754	

1001	587
2	0
0	0	

1233	543
1	13818
13818	

1487	5429
1	108842
108842	

1500	1001
1	13931
13931	

1500	3935
1	47693
47693	

1500	4740
1	0
0	

1770	3239
1	2159
2159	

1770	3746
1	28036
28036	

1770	5429
1	1315
1315	

2151	547
1	116354
116354	

2151	4242
1	0
0	

2452	2704
1	27890
27890	

2560	225
1	20064
20064	

2560	1001
1	31682
31682	

2560	1033
3	99509
0	5436	94073	

2560	3239
1	41195
41195	

2560	3271
3	601698
101209	150380	350109	

2704	2452
1	38303
38303	

3239	452
1	33225
33225	

3239	543
2	140797
46322	94475	

3239	587
1	0
0	

3239	1001
2	8112
0	8112	

3239	1233
1	34158
34158	

3239	1500
1	19939
19939	

3239	1770
1	0
0	

3239	1885
1	214995
214995	

3239	1896
1	24346
24346	

3239	2151
1	206908
206908	

3239	2704
1	32403
32403	

3239	3271
1	0
0	

3239	3547
2	38745
7538	31207	

3239	3815
1	162285
162285	

3239	4242
3	308366
37800	78762	191804	

3239	4268
1	117318
117318	

3239	4320
1	44151
44151	

3239	4762
1	38452
38452	

3239	4791
1	6114
6114	

3239	5085
1	97247
97247	

3815	1001
1	4577
4577	

3815	3746
1	96518
96518	

3935	1896
2	129573
22429	107144	

3935	4242
1	112391
112391	

4242	1033
2	381221
141549	239672	

4242	1885
2	337808
0	337808	

4242	2151
1	178556
178556	

4242	2452
1	109036
109036	

4242	2704
1	66602
66602	

4242	3239
1	165436
165436	

4242	3271
1	160420
160420	

4242	3746
1	69297
69297	

4242	3935
2	134503
29172	105331	

4320	3815
1	146199
146199	

4320	5085
1	0
0	

4740	1896
1	88774
88774	

4740	4268
1	4756
4756	

4740	5429
1	52910
52910	

4762	447
1	103458
103458	

4762	547
4	56339
2376	7028	7176	39759	

4762	1738
1	0
0	

4762	1770
1	50451
50451	

4762	5013
3	480105
40062	104237	335806	

4791	1001
1	0
0	

4791	1233
3	286925
33670	58801	194454	

4791	1500
1	22010
22010	

4791	1896
1	154189
154189	

4791	2560
2	46584
0	46584	

4791	3239
1	99457
99457	

5085	1233
1	22344
22344	

5085	3271
2	82306
35228	47078	

5085	4320
6	379973
30517	46086	50740	57403	62105	133122	

5085	4791
1	0
0	

5385	547
1	42600
42600	

5429	452
1	7040
7040	

5429	1487
1	0
0	

5429	1893
1	28120
28120	

5429	3271
1	30700
30700	

5429	4268
1	12456
12456	

5429	4740
1	34176
34176	

