243	1236
2	59836
22905	36931	

243	1642
2	62231
26654	35577	

243	2326
2	125808
33306	92502	

243	2634
1	13151
13151	

243	2991
1	39295
39295	

243	3313
1	16605
16605	

243	3355
2	125288
48585	76703	

243	3876
1	18270
18270	

243	5108
1	96284
96284	

1236	243
1	19004
19004	

1236	1642
5	198693
9156	28424	32815	51996	76302	

1236	1748
3	95400
19332	24209	51859	

1236	2326
5	118075
0	22147	30865	31102	33961	

1236	2634
2	17297
0	17297	

1236	2991
6	116146
16319	18700	19275	19466	19536	22850	

1236	3313
5	163909
13170	15472	34623	37377	63267	

1236	3355
5	358208
633	68803	73934	77332	137506	

1236	3679
3	53753
12531	14563	26659	

1236	3876
1	32880
32880	

1236	4290
2	38312
11536	26776	

1236	5108
5	256009
11110	21738	35773	50605	136783	

1236	5729
2	38633
17669	20964	

1642	1236
4	113479
18049	23898	27633	43899	

1642	1748
2	29987
9085	20902	

1642	2326
6	571310
0	46032	64798	94816	144887	220777	

1642	2634
2	64010
15777	48233	

1642	2991
6	111212
4831	17571	20325	20403	20730	27352	

1642	3313
2	35054
15299	19755	

1642	3679
2	31251
13165	18086	

1642	3876
1	19263
19263	

1642	4169
2	41323
15494	25829	

1642	4290
3	23571
0	10867	12704	

1642	5108
2	87899
36688	51211	

1642	5729
5	112883
2763	19682	28278	30272	31888	

1748	243
1	46578
46578	

1748	1236
1	0
0	

1748	1642
2	95144
33587	61557	

1748	2326
2	91839
41603	50236	

1748	2634
2	18037
0	18037	

1748	2991
1	46079
46079	

1748	3679
1	15167
15167	

1748	3876
1	57401
57401	

1748	5108
2	168675
44235	124440	

2326	1236
5	88773
0	17608	19267	23890	28008	

2326	1642
6	247739
25835	29173	36220	38494	52230	65787	

2326	1748
2	70899
18970	51929	

2326	2991
3	72510
20185	21934	30391	

2326	3313
1	23918
23918	

2326	3355
2	161407
53216	108191	

2326	3679
2	16069
0	16069	

2326	3876
2	52598
18423	34175	

2326	4290
2	58371
22929	35442	

2326	5108
4	278112
41168	53118	67060	116766	

2326	5729
3	122899
18802	30945	73152	

2634	1236
2	61721
1503	60218	

2634	1748
1	37959
37959	

2634	2991
1	22099
22099	

2634	5729
1	31837
31837	

2991	243
3	108722
21663	38305	48754	

2991	1236
6	278587
18886	20131	21467	25142	48885	144076	

2991	1642
9	384430
0	9477	25723	30908	31032	46582	54008	71768	114932	

2991	1748
3	73567
15367	23176	35024	

2991	2326
2	241902
29813	212089	

2991	2634
1	23642
23642	

2991	3355
6	410509
50155	52137	54819	57748	70154	125496	

2991	3679
6	83113
0	11724	12987	13736	15129	29537	

2991	3876
2	56664
20279	36385	

2991	4290
3	97555
24047	32617	40891	

2991	5108
4	219226
21389	23968	74313	99556	

2991	5729
3	152125
33632	43082	75411	

3313	1236
2	149129
20009	129120	

3313	1642
3	131505
27271	35539	68695	

3313	2326
3	122384
24049	40187	58148	

3313	2634
1	27030
27030	

3313	2991
1	18015
18015	

3313	3355
1	64968
64968	

3313	3679
1	0
0	

3313	3876
1	0
0	

3313	4290
2	69617
32964	36653	

3313	5108
2	82361
38464	43897	

3355	1236
2	81084
18050	63034	

3355	1642
1	29407
29407	

3355	1748
1	14819
14819	

3355	2634
1	18570
18570	

3355	2991
3	64976
17813	19584	27579	

3355	3876
1	16591
16591	

3355	5108
3	115278
22855	37769	54654	

3355	5729
1	21349
21349	

3679	1236
5	260126
26327	45422	48834	54711	84832	

3679	1642
4	141349
14295	33146	41122	52786	

3679	1748
1	44837
44837	

3679	2326
2	31875
0	31875	

3679	2634
2	37502
16757	20745	

3679	2991
3	66307
15135	24592	26580	

3679	3313
1	26721
26721	

3679	3355
1	49280
49280	

3679	3876
1	20401
20401	

3679	4290
1	13181
13181	

3679	5108
2	79270
30747	48523	

3679	5729
3	39502
7382	14851	17269	

3876	1236
2	70122
0	70122	

3876	2326
2	60784
29657	31127	

3876	2991
3	52661
14628	15790	22243	

3876	3313
2	29151
13428	15723	

3876	3679
3	43048
0	11608	31440	

4290	243
1	43709
43709	

4290	1236
2	47467
22454	25013	

4290	1642
1	180093
180093	

4290	2991
3	61685
10673	24407	26605	

4290	3313
1	28658
28658	

4290	3355
1	44284
44284	

4290	4169
1	0
0	

4290	5108
1	41660
41660	

4290	5729
1	23462
23462	

5108	1236
4	92218
18468	20112	25658	27980	

5108	1642
2	77697
30659	47038	

5108	2326
2	151344
38987	112357	

5108	2634
1	0
0	

5108	2991
1	18412
18412	

5108	3313
4	81425
14477	15987	19671	31290	

5108	3355
3	223285
47881	85329	90075	

5108	3679
1	14816
14816	

5108	4290
1	25830
25830	

5108	5729
2	56427
15545	40882	

5729	1236
6	210392
23633	24364	25270	41628	45206	50291	

5729	1642
1	26134
26134	

5729	2326
1	38384
38384	

5729	2634
1	20216
20216	

5729	2991
2	18569
0	18569	

5729	3355
2	109422
0	109422	

5729	4169
3	97096
17334	19020	60742	

