545	1531
1	250751
250751	

969	1269
1	21774
21774	

969	1462
1	44349
44349	

969	2175
1	19043
19043	

969	3404
1	32881
32881	

969	4360
1	25250
25250	

969	4874
1	475369
475369	

1318	134
9	1926540
85156	154285	165092	168834	219954	222278	272999	308426	329516	

1318	302
2	406839
133027	273812	

1318	545
5	358703
9198	28889	29725	44361	246530	

1318	652
1	20917
20917	

1318	1546
2	51779
25408	26371	

1318	4207
1	50747
50747	

1318	5696
1	20852
20852	

1836	134
6	674381
0	54814	80122	143087	157151	239207	

1836	302
3	312237
55944	96063	160230	

1836	652
2	93002
0	93002	

1836	969
2	27143
3312	23831	

1836	1269
1	94652
94652	

1836	1462
2	135834
45486	90348	

1836	1531
2	85023
0	85023	

1836	1546
1	251337
251337	

1836	2175
1	67625
67625	

1836	2282
2	176467
1579	174888	

1836	3216
1	6569
6569	

1836	3220
1	62677
62677	

1836	3297
1	75461
75461	

1836	3404
3	1413825
37875	175037	1200913	

1836	3798
2	0
0	0	

1836	3829
4	129796
9621	22955	45452	51768	

1836	3968
1	730650
730650	

1836	4177
2	278966
37094	241872	

1836	4393
2	60440
0	60440	

1836	4761
1	29706
29706	

1836	4874
1	76768
76768	

1836	5245
1	70487
70487	

1836	5655
3	91561
20882	33833	36846	

1836	5696
1	152790
152790	

1960	134
10	776752
9476	29479	47605	66556	72455	88549	104829	105812	121981	130010	

1960	302
2	121608
4064	117544	

1960	545
1	4223
4223	

1960	652
1	2079
2079	

1960	3798
1	0
0	

1960	4177
1	2953
2953	

1960	4207
2	31377
12906	18471	

1960	4393
2	43527
5770	37757	

1960	4761
1	0
0	

1960	5696
1	12123
12123	

2282	134
1	40594
40594	

2282	5655
1	27647
27647	

3216	1269
1	24866
24866	

3216	1546
1	73095
73095	

3216	2282
1	100720
100720	

3216	3220
1	58113
58113	

3216	3297
1	67109
67109	

3216	3829
1	50508
50508	

3216	3968
1	19351
19351	

3216	4354
1	62018
62018	

3216	4360
1	0
0	

3216	4874
2	124140
53172	70968	

3404	134
3	366723
80053	109701	176969	

3404	302
1	91198
91198	

3404	545
2	172572
45611	126961	

3404	652
2	99894
46339	53555	

3404	969
2	116269
54191	62078	

3404	1269
4	239361
11220	45606	63440	119095	

3404	1462
1	186104
186104	

3404	1531
2	235357
95626	139731	

3404	1546
2	82776
18955	63821	

3404	1836
2	57368
28279	29089	

3404	2282
2	288169
87949	200220	

3404	3220
1	62388
62388	

3404	3297
3	249193
66202	82930	100061	

3404	3798
2	12257
2021	10236	

3404	3829
3	149899
7798	23125	118976	

3404	3968
3	175253
22861	44165	108227	

3404	4177
3	103644
7596	26608	69440	

3404	4207
1	39237
39237	

3404	4354
2	173435
60760	112675	

3404	4393
3	190048
21711	54853	113484	

3404	4761
2	71418
30390	41028	

3404	4874
2	163715
38910	124805	

3404	5245
3	158716
37635	49242	71839	

3404	5655
2	58186
23367	34819	

3404	5696
1	932044
932044	

3798	3404
1	9227
9227	

3798	5245
1	189492
189492	

3909	134
2	354650
151071	203579	

3909	302
2	252806
11369	241437	

3909	969
1	0
0	

3909	1269
2	85160
6787	78373	

3909	1462
1	138912
138912	

3909	1531
2	142044
0	142044	

3909	1546
1	470563
470563	

3909	3220
1	114741
114741	

3909	3297
1	283372
283372	

3909	3404
1	7714
7714	

3909	3829
1	209267
209267	

3909	3968
2	124485
11398	113087	

3909	4177
1	335310
335310	

3909	4761
2	170707
39665	131042	

3909	5245
2	677674
68272	609402	

3909	5655
1	62538
62538	

4030	134
3	231156
49397	90776	90983	

4030	302
1	11208
11208	

4030	545
1	32977
32977	

4030	652
2	70996
5937	65059	

4030	1269
1	20183
20183	

4030	1462
1	39201
39201	

4030	1531
1	48954
48954	

4030	1546
1	62345
62345	

4030	2175
1	0
0	

4030	3297
1	22095
22095	

4030	3798
1	0
0	

4030	3829
1	26361
26361	

4030	3968
1	0
0	

4030	4393
1	34933
34933	

4030	4761
1	3390
3390	

4030	5245
1	35443
35443	

4030	5696
1	181971
181971	

4360	1531
1	64360
64360	

4360	2282
1	0
0	

4360	3220
1	0
0	

4393	5696
3	253237
0	125376	127861	

4641	134
6	924351
39540	108264	108915	128700	136416	402516	

4641	545
1	7294
7294	

4641	652
1	8616
8616	

4641	3798
2	145837
58821	87016	

4641	3968
1	68467
68467	

4641	4177
2	17315
3227	14088	

4641	4207
2	80703
13248	67455	

4641	4761
1	0
0	

4874	3829
2	0
0	0	

