823	1489
4	627373
3483	5628	19732	598530	

823	3461
1	41277
41277	

823	4252
1	0
0	

823	5197
2	61742
0	61742	

823	5560
1	0
0	

1489	823
2	79102
15424	63678	

1489	5560
1	1420
1420	

3461	1489
1	89979
89979	

4046	823
3	125801
11578	23224	90999	

4046	1489
4	180720
21039	24058	46850	88773	

4046	3461
2	8685
4121	4564	

4046	4252
2	104898
15418	89480	

4046	5197
5	166832
13179	21263	30935	37897	63558	

4046	5560
2	0
0	0	

4069	823
3	64666
0	6845	57821	

4069	1489
2	114452
9313	105139	

4069	3461
8	603919
7843	14243	17556	26686	27196	28457	44403	437535	

4069	4046
5	2114041
0	142055	463120	485402	1023464	

4069	5197
2	34061
13139	20922	

4069	5560
1	67804
67804	

5560	823
4	391987
0	14685	185818	191484	

5560	1489
3	42960
11011	13029	18920	

5560	3461
6	213353
20121	20869	29010	30419	31794	81140	

5560	4046
1	0
0	

5560	5197
3	91629
0	14233	77396	

