67	202
1	35457
35457	

67	2604
1	471616
471616	

67	4295
2	46725
17373	29352	

88	67
4	171771
10198	32138	40220	89215	

88	3622
3	141818
19354	48176	74288	

88	4295
2	38013
17414	20599	

88	4679
1	4048
4048	

119	2590
2	49859
14668	35191	

122	743
6	115607
9679	16321	17633	21312	25104	25558	

122	3038
2	103929
41360	62569	

122	3683
2	38252
12223	26029	

122	3945
1	11809
11809	

122	4023
1	3092
3092	

122	4843
1	45771
45771	

122	4929
2	524608
208747	315861	

122	4946
1	15200
15200	

122	5627
1	19661
19661	

123	1325
1	20692
20692	

123	3332
1	24124
24124	

132	123
2	26481
11878	14603	

132	279
1	131956
131956	

132	361
1	324709
324709	

132	462
3	220668
24836	33142	162690	

132	1002
1	199192
199192	

132	1187
1	15881
15881	

132	1238
1	17866
17866	

132	1325
2	82872
30153	52719	

132	1773
1	16110
16110	

132	1948
1	104680
104680	

132	2051
1	54822
54822	

132	2209
1	809
809	

132	2590
1	164954
164954	

132	2684
1	142436
142436	

132	2694
1	46115
46115	

132	2843
1	29082
29082	

132	2868
2	331197
44640	286557	

132	3035
3	63094
15646	20420	27028	

132	3315
1	20113
20113	

132	3332
1	88706
88706	

132	3333
1	41764
41764	

132	3413
1	90127
90127	

132	3489
1	47556
47556	

132	3522
2	45397
17917	27480	

132	3903
2	83044
14072	68972	

132	4179
1	14339
14339	

132	4454
1	18670
18670	

132	4773
1	68378
68378	

132	4921
1	31117
31117	

132	5001
1	17922
17922	

132	5052
2	107430
53434	53996	

132	5182
1	48529
48529	

132	5288
1	95585
95585	

132	5494
1	10215
10215	

132	5762
2	31045
14002	17043	

138	119
1	19791
19791	

138	554
1	54258
54258	

138	738
3	144972
16534	59560	68878	

138	1187
1	12375
12375	

138	1470
1	46523
46523	

138	1857
1	36269
36269	

138	1872
1	17751
17751	

138	1967
1	22904
22904	

138	1974
1	820
820	

138	2718
1	24256
24256	

138	3018
1	39232
39232	

138	3400
1	120836
120836	

138	3484
1	21589
21589	

138	3545
1	21200
21200	

138	3602
1	14789
14789	

138	3614
1	135991
135991	

138	3677
6	180656
12667	13793	28884	31989	45546	47777	

138	3809
1	25363
25363	

138	4094
1	66610
66610	

138	4453
1	36854
36854	

138	4643
1	30668
30668	

138	5048
1	22139
22139	

138	5273
1	14499
14499	

138	5383
1	28152
28152	

154	666
2	90264
43589	46675	

154	955
1	209931
209931	

244	2041
2	106857
44647	62210	

244	2090
2	154863
14244	140619	

244	2502
12	275959
0	14816	16397	16918	17703	18709	20552	21117	34925	35783	38362	40677	

244	2775
3	230896
21994	75354	133548	

244	3209
3	203501
35290	61445	106766	

244	4476
1	94684
94684	

244	5609
2	93772
30226	63546	

251	361
2	124031
20694	103337	

251	462
1	19782
19782	

251	1238
2	15169
3819	11350	

251	1773
1	17042
17042	

251	2051
1	64209
64209	

251	2590
1	90529
90529	

251	2868
1	0
0	

251	4921
1	41254
41254	

251	5052
1	48956
48956	

251	5182
1	111183
111183	

251	5494
2	97738
41439	56299	

251	5762
2	43398
5999	37399	

362	1123
2	82281
30941	51340	

362	2383
1	32514
32514	

362	2435
1	44460
44460	

362	4298
3	68170
0	16310	51860	

362	4696
1	20320
20320	

362	5490
1	30739
30739	

450	154
1	0
0	

450	168
1	26602
26602	

450	2652
1	0
0	

450	2743
1	32693
32693	

450	5250
1	32739
32739	

463	176
1	21040
21040	

463	592
1	23165
23165	

463	1528
1	67614
67614	

463	1872
1	5328
5328	

463	4187
1	18599
18599	

463	4454
1	16992
16992	

588	249
2	1178947
22178	1156769	

588	426
4	90936
5803	23080	23205	38848	

588	1187
1	12002
12002	

588	1871
2	117045
21179	95866	

588	1983
3	112178
35109	37666	39403	

588	2229
2	75163
23861	51302	

588	2306
1	62528
62528	

588	2435
2	261518
60664	200854	

588	2458
3	244525
41580	59157	143788	

588	2661
1	36625
36625	

588	2723
2	46192
22545	23647	

588	2791
2	43430
20549	22881	

588	3018
3	712047
82244	155337	474466	

588	3234
2	52594
24693	27901	

588	3385
1	25146
25146	

588	3910
3	74574
18389	25346	30839	

588	4272
1	11253
11253	

588	4743
3	160252
26194	66671	67387	

588	4930
4	79345
18717	18989	19613	22026	

588	5056
1	100517
100517	

588	5092
2	1856132
399177	1456955	

588	5528
5	67772
9403	11350	13449	15687	17883	

588	5707
1	12296
12296	

623	3533
1	24217
24217	

634	619
1	25867
25867	

634	1182
1	0
0	

634	1498
1	17288
17288	

634	1705
1	21608
21608	

634	3139
2	34701
16216	18485	

634	3369
1	3632
3632	

634	3713
1	15139
15139	

634	4333
3	122173
12829	45642	63702	

634	4490
1	0
0	

634	4575
1	57156
57156	

634	4752
1	12436
12436	

634	4809
1	27802
27802	

634	5273
1	22156
22156	

666	4617
2	72542
33518	39024	

726	987
1	31799
31799	

726	2165
3	155814
30490	54592	70732	

726	4003
1	62793
62793	

726	4446
3	857362
57626	119678	680058	

726	5406
1	42839
42839	

726	5773
1	16787
16787	

739	2550
1	0
0	

739	3844
1	48629
48629	

739	5213
2	22934
0	22934	

743	2412
3	223532
47357	54173	122002	

743	3038
1	307
307	

743	4929
1	38267
38267	

955	666
1	42543
42543	

955	5395
1	49289
49289	

981	249
2	66715
21640	45075	

981	1123
1	878795
878795	

981	1871
1	11260
11260	

981	1974
1	66004
66004	

981	2306
1	126615
126615	

981	2353
1	57425
57425	

981	2435
1	97768
97768	

981	2723
1	23859
23859	

981	3234
1	95703
95703	

981	3385
1	49845
49845	

981	5056
1	18658
18658	

981	5707
1	0
0	

987	3533
1	41088
41088	

987	4003
1	98039
98039	

987	4446
3	302373
33396	34524	234453	

987	4617
1	40762
40762	

987	4924
2	56949
6109	50840	

987	5043
5	235327
35018	38118	38907	44013	79271	

1056	739
1	0
0	

1056	2550
1	0
0	

1056	2710
1	55205
55205	

1056	3811
8	784538
44493	48719	54139	88023	95199	107767	153188	193010	

1056	3844
4	91185
3804	14580	35319	37482	

1056	4950
3	78698
0	16680	62018	

1056	5213
2	162998
31256	131742	

1056	5773
1	16371
16371	

1248	2041
1	53116
53116	

1248	2763
1	64096
64096	

1248	2775
1	50097
50097	

1248	3209
1	14141
14141	

1306	362
1	0
0	

1306	1123
1	104141
104141	

1306	1725
1	47294
47294	

1306	2383
2	43328
19563	23765	

1306	2435
1	80226
80226	

1306	3400
1	84719
84719	

1306	3484
1	0
0	

1306	4298
2	35629
0	35629	

1306	4696
1	22740
22740	

1306	5182
1	53390
53390	

1306	5490
1	32818
32818	

1309	954
3	44452
13786	13849	16817	

1309	2475
1	35510
35510	

1309	2563
7	90410
6046	9554	12379	12738	12976	13190	23527	

1309	3380
2	24064
5607	18457	

1309	3381
2	49357
13694	35663	

1309	3476
2	81817
39233	42584	

1309	3478
1	34716
34716	

1309	4519
1	59302
59302	

1309	4677
2	50449
19585	30864	

1309	4899
3	47164
0	21178	25986	

1309	4950
1	29755
29755	

1309	5569
3	186476
36538	60969	88969	

1437	3380
1	16225
16225	

1463	588
1	5202
5202	

1463	1983
1	51319
51319	

1463	2458
1	7436
7436	

1463	2791
2	56760
27234	29526	

1463	3018
2	126427
0	126427	

1463	3910
1	0
0	

1463	4743
4	335216
5386	7659	30037	292134	

1463	4930
2	38045
18214	19831	

1463	5092
1	322734
322734	

1463	5528
1	11706
11706	

1470	554
1	0
0	

1470	1302
1	35610
35610	

1470	1871
1	23621
23621	

1470	2138
1	0
0	

1470	3841
1	109674
109674	

1470	4807
2	28410
13950	14460	

1485	362
1	20286
20286	

1485	588
2	26264
6200	20064	

1485	1123
1	48732
48732	

1485	1463
1	13370
13370	

1485	1526
2	18712
0	18712	

1485	1983
2	50070
16547	33523	

1485	2364
2	58616
18134	40482	

1485	2458
1	125845
125845	

1485	2723
1	19427
19427	

1485	2791
1	45808
45808	

1485	3018
1	343099
343099	

1485	3234
1	0
0	

1485	3910
1	0
0	

1485	4272
1	10818
10818	

1485	4298
1	0
0	

1485	4743
2	48142
21959	26183	

1485	4930
1	37555
37555	

1485	5092
1	4363
4363	

1485	5528
3	48147
6051	17542	24554	

1485	5707
1	15803
15803	

1526	1485
11	705739
22309	27227	27230	34146	36932	57923	64026	72671	78789	105004	179482	

1526	1725
4	275374
19109	73560	89016	93689	

1526	2364
5	120150
16592	18101	23839	30523	31095	

1526	2458
1	0
0	

1526	3413
4	95054
21612	23245	24722	25475	

1526	3809
1	0
0	

1526	5383
2	54022
24654	29368	

1609	2090
1	135141
135141	

1609	2527
1	14532
14532	

1609	2763
1	84948
84948	

1609	3209
1	0
0	

1773	2803
8	862684
11006	13446	14732	14978	16992	19245	31131	741154	

1831	726
2	351959
145260	206699	

1831	2214
1	0
0	

1831	2276
1	15482
15482	

1831	3011
6	717784
1177	48178	82195	84540	108507	393187	

1831	3278
4	177865
34963	44132	48203	50567	

1831	3999
6	183729
25219	25720	26288	29825	35604	41073	

1831	4003
5	282594
45430	52760	52793	65129	66482	

1831	4446
2	256449
36429	220020	

1831	4617
1	41168
41168	

1831	4924
6	431534
46428	63632	72120	72402	80959	95993	

1831	5043
2	90556
38823	51733	

1831	5213
2	203548
93826	109722	

1831	5406
1	56346
56346	

1831	5589
6	332920
34400	34687	35275	64678	72104	91776	

1840	1309
1	9757
9757	

1840	2475
1	208865
208865	

1840	2563
1	23826
23826	

1840	3183
1	5043
5043	

1840	3380
1	32625
32625	

1840	3423
1	45462
45462	

1840	3476
2	48859
16909	31950	

1840	3478
1	27058
27058	

1840	4180
1	33393
33393	

1840	4519
2	77834
30547	47287	

1840	4677
1	24371
24371	

1840	4899
3	42740
0	21029	21711	

1840	5569
1	69803
69803	

1871	119
1	26773
26773	

1871	249
3	165876
10377	31846	123653	

1871	426
2	93931
37064	56867	

1871	588
2	10701
1635	9066	

1871	792
1	35708
35708	

1871	1123
3	206023
29261	74055	102707	

1871	1156
1	21219
21219	

1871	1463
1	10765
10765	

1871	1526
1	80804
80804	

1871	1649
1	70722
70722	

1871	1773
1	15900
15900	

1871	1948
3	43424
12533	13315	17576	

1871	1967
3	111246
0	52178	59068	

1871	2138
1	1113
1113	

1871	2229
2	155648
60751	94897	

1871	2284
1	15150
15150	

1871	2306
2	166648
43159	123489	

1871	2358
1	107117
107117	

1871	2435
1	124596
124596	

1871	2661
1	25374
25374	

1871	2694
1	0
0	

1871	2723
3	78076
17797	18202	42077	

1871	2803
1	15921
15921	

1871	2843
1	36328
36328	

1871	2875
1	17478
17478	

1871	3132
1	0
0	

1871	3207
1	19048
19048	

1871	3234
1	78346
78346	

1871	3238
1	13392
13392	

1871	3333
3	68294
0	28434	39860	

1871	3385
4	126575
19608	23488	32158	51321	

1871	3424
2	48678
18629	30049	

1871	3484
1	13408
13408	

1871	3545
2	65306
25359	39947	

1871	3677
1	32780
32780	

1871	3682
1	17177
17177	

1871	3695
1	23111
23111	

1871	3809
1	1834
1834	

1871	4094
2	48836
701	48135	

1871	4194
2	44930
22171	22759	

1871	4198
1	27316
27316	

1871	4272
2	26307
10885	15422	

1871	4454
2	62313
23428	38885	

1871	4527
1	20876
20876	

1871	4743
3	69963
18438	25034	26491	

1871	5048
1	0
0	

1871	5133
2	79536
0	79536	

1871	5259
1	84704
84704	

1871	5277
1	31021
31021	

1871	5288
1	112768
112768	

1871	5383
2	90291
25431	64860	

1871	5690
1	32886
32886	

1871	5707
3	43702
14164	14760	14778	

1913	69
1	51065
51065	

1913	1305
1	39699
39699	

1913	1420
1	15527
15527	

1913	1650
1	24197
24197	

1913	1994
1	25351
25351	

1913	2481
1	40087
40087	

1913	2767
1	58663
58663	

1913	2999
1	9296
9296	

1913	3194
1	20346
20346	

1913	3480
1	0
0	

1913	3577
1	35028
35028	

1913	3925
1	0
0	

1913	4308
1	33151
33151	

1916	463
5	443266
7287	35815	54810	101166	244188	

1916	1773
1	24310
24310	

1916	2803
1	27090
27090	

1916	3207
5	302400
33066	37563	47371	61990	122410	

1916	3682
5	1223836
14254	44089	47611	48271	1069611	

1916	4198
6	211278
18064	18898	20031	23317	55357	75611	

1974	18
4	48404
5153	5920	17854	19477	

1974	119
2	107633
3237	104396	

1974	176
3	42084
11103	11934	19047	

1974	183
2	60710
26907	33803	

1974	249
3	71642
20246	25174	26222	

1974	251
2	96416
42899	53517	

1974	361
1	25551
25551	

1974	426
4	88194
15601	18917	26259	27417	

1974	462
1	23134
23134	

1974	528
1	26636
26636	

1974	588
1	0
0	

1974	592
3	77898
17234	18202	42462	

1974	619
1	17748
17748	

1974	634
2	108598
46761	61837	

1974	770
4	88251
19027	19813	23349	26062	

1974	792
3	66255
20933	21801	23521	

1974	797
2	32873
13932	18941	

1974	1030
2	72265
27509	44756	

1974	1084
3	277955
13791	56335	207829	

1974	1123
4	446281
67430	75465	143469	159917	

1974	1156
2	32872
13321	19551	

1974	1182
1	23954
23954	

1974	1187
1	11621
11621	

1974	1238
1	18352
18352	

1974	1302
2	47794
19464	28330	

1974	1463
1	11895
11895	

1974	1498
2	24687
10249	14438	

1974	1520
1	36095
36095	

1974	1526
2	71194
33892	37302	

1974	1528
2	54551
21678	32873	

1974	1649
1	21227
21227	

1974	1705
2	118201
53255	64946	

1974	1713
1	29063
29063	

1974	1725
1	95779
95779	

1974	1759
1	0
0	

1974	1773
2	102826
30941	71885	

1974	1857
1	36591
36591	

1974	1871
6	142826
1382	10341	19354	35517	36569	39663	

1974	1872
4	173627
3187	3294	27839	139307	

1974	1948
2	26878
10342	16536	

1974	1967
2	92053
21075	70978	

1974	1991
1	77252
77252	

1974	2051
1	75339
75339	

1974	2056
2	24603
10026	14577	

1974	2138
1	67791
67791	

1974	2190
2	35432
9603	25829	

1974	2209
1	0
0	

1974	2218
2	46095
19241	26854	

1974	2281
2	31207
13092	18115	

1974	2284
1	11769
11769	

1974	2306
2	167139
14996	152143	

1974	2358
1	41485
41485	

1974	2383
3	81150
13204	26666	41280	

1974	2590
1	19712
19712	

1974	2606
2	58235
25147	33088	

1974	2661
1	0
0	

1974	2662
3	42970
0	20495	22475	

1974	2684
2	80733
17601	63132	

1974	2718
1	10235
10235	

1974	2843
2	37493
11953	25540	

1974	2868
1	17888
17888	

1974	2875
3	62133
0	16587	45546	

1974	2947
2	117411
27785	89626	

1974	3136
2	63354
17632	45722	

1974	3139
2	25370
11884	13486	

1974	3234
5	198510
25613	28274	34594	52867	57162	

1974	3238
2	27533
10385	17148	

1974	3293
2	36745
12336	24409	

1974	3303
2	37170
17068	20102	

1974	3315
1	27073
27073	

1974	3333
2	43691
15494	28197	

1974	3369
1	0
0	

1974	3385
3	77924
21847	25728	30349	

1974	3400
1	32066
32066	

1974	3413
2	73872
18501	55371	

1974	3424
2	15726
4153	11573	

1974	3484
1	25831
25831	

1974	3489
2	91344
44216	47128	

1974	3510
3	54639
13071	19831	21737	

1974	3516
3	142386
22562	42662	77162	

1974	3545
2	36758
16387	20371	

1974	3602
1	3220
3220	

1974	3695
1	66785
66785	

1974	3713
2	18163
0	18163	

1974	3809
1	28210
28210	

1974	3841
1	53348
53348	

1974	4094
2	28684
11555	17129	

1974	4154
2	38658
10551	28107	

1974	4179
1	23915
23915	

1974	4187
1	21041
21041	

1974	4194
1	18549
18549	

1974	4214
3	37958
0	17838	20120	

1974	4272
5	70165
10677	10742	14389	16290	18067	

1974	4274
2	98598
28492	70106	

1974	4298
5	145859
0	22757	31301	36745	55056	

1974	4318
2	89929
44221	45708	

1974	4453
2	30505
10817	19688	

1974	4454
2	48747
23397	25350	

1974	4455
1	72732
72732	

1974	4470
3	43771
11353	13933	18485	

1974	4490
2	36128
13180	22948	

1974	4527
2	97053
37301	59752	

1974	4643
2	106870
47116	59754	

1974	4696
6	211024
17060	21262	28031	41717	46034	56920	

1974	4743
3	43074
0	18234	24840	

1974	4752
1	0
0	

1974	4773
2	254769
84931	169838	

1974	4809
4	153145
17334	29489	42744	63578	

1974	4819
2	81840
23544	58296	

1974	5048
2	67680
32720	34960	

1974	5052
1	20643
20643	

1974	5056
7	450403
46114	47328	54156	60677	71540	80200	90388	

1974	5133
2	143621
70617	73004	

1974	5182
1	80928
80928	

1974	5259
2	56192
20321	35871	

1974	5273
2	56112
20280	35832	

1974	5277
1	22358
22358	

1974	5288
2	177546
31068	146478	

1974	5315
2	54943
25927	29016	

1974	5383
2	66587
25007	41580	

1974	5490
1	37242
37242	

1974	5494
1	12363
12363	

1974	5541
3	140009
5656	35478	98875	

1974	5690
2	50281
20900	29381	

1974	5691
1	89261
89261	

1974	5707
2	192291
14534	177757	

1974	5762
2	51639
17473	34166	

1994	69
2	218961
46373	172588	

1994	597
3	216931
29749	83536	103646	

1994	774
2	82650
37589	45061	

1994	1305
1	31948
31948	

1994	1339
1	56429
56429	

1994	1420
2	30259
12348	17911	

1994	1650
1	25234
25234	

1994	1913
1	0
0	

1994	2457
1	91321
91321	

1994	2481
3	107915
29405	38215	40295	

1994	2591
1	328765
328765	

1994	2767
2	43753
11986	31767	

1994	2999
1	7979
7979	

1994	3123
1	39676
39676	

1994	3194
2	52089
21638	30451	

1994	3258
2	229478
76384	153094	

1994	3697
1	37726
37726	

1994	4308
2	60682
24562	36120	

1994	5772
3	98189
28208	34626	35355	

2041	244
1	0
0	

2041	2090
1	373843
373843	

2041	2502
1	18063
18063	

2090	2763
1	52250
52250	

2090	4476
1	0
0	

2165	987
1	32931
32931	

2165	3278
3	133407
41611	45505	46291	

2165	3999
1	30183
30183	

2165	4003
1	56310
56310	

2165	4446
10	1268805
13326	13963	29318	65114	81891	88133	158642	186506	295618	336294	

2165	4924
1	56344
56344	

2165	5043
2	107693
44865	62828	

2165	5406
4	191009
40646	42736	51404	56223	

2165	5589
1	48473
48473	

2214	623
1	0
0	

2214	955
1	34464
34464	

2214	2276
1	17873
17873	

2214	4308
5	122335
21614	22443	22893	25828	29557	

2214	5213
1	26610
26610	

2214	5395
1	0
0	

2214	5773
5	64710
9469	11224	11504	12802	19711	

2276	69
1	39320
39320	

2276	311
4	186436
34356	46206	50672	55202	

2276	1609
2	108748
47215	61533	

2276	1650
1	21998
21998	

2276	1913
1	0
0	

2276	2214
2	35664
16423	19241	

2276	2294
1	15183
15183	

2276	2412
1	38050
38050	

2276	2591
1	46188
46188	

2276	2999
1	55439
55439	

2276	3038
2	29384
13104	16280	

2276	3209
1	95213
95213	

2276	3811
1	17045
17045	

2276	4139
1	0
0	

2276	4929
2	105242
46152	59090	

2276	5213
1	29892
29892	

2294	597
1	56139
56139	

2294	1305
1	34567
34567	

2294	1420
1	11360
11360	

2294	1650
1	20800
20800	

2294	1913
1	0
0	

2294	2767
1	49730
49730	

2294	2999
1	77068
77068	

2294	3194
1	19697
19697	

2294	3258
1	94314
94314	

2294	3577
1	65862
65862	

2294	4308
1	21487
21487	

2294	4436
1	155499
155499	

2353	183
1	39959
39959	

2353	249
1	12066
12066	

2353	426
2	56410
26362	30048	

2353	981
4	35451
1285	2698	5562	25906	

2353	1123
2	158502
71947	86555	

2353	1871
2	25672
2787	22885	

2353	1974
3	47709
3432	7752	36525	

2353	2435
2	307217
131235	175982	

2353	2875
1	17549
17549	

2353	3234
1	30625
30625	

2353	3677
1	22873
22873	

2353	4272
1	10826
10826	

2353	4743
2	50011
15832	34179	

2353	5056
1	71667
71667	

2353	5707
1	53858
53858	

2358	2209
1	25890
25890	

2364	1485
1	81831
81831	

2364	1725
1	57518
57518	

2364	2458
3	99069
18561	39294	41214	

2412	743
1	0
0	

2412	2527
1	22238
22238	

2412	3038
1	83056
83056	

2435	1123
1	87437
87437	

2435	2383
1	14714
14714	

2435	4298
1	105772
105772	

2435	4696
1	25481
25481	

2435	5490
1	13846
13846	

2475	5395
1	69574
69574	

2502	244
2	11655
0	11655	

2502	666
1	50758
50758	

2502	955
1	43772
43772	

2502	1248
3	64676
7741	24267	32668	

2502	1609
1	33121
33121	

2502	2041
3	256265
75591	76088	104586	

2502	2090
3	170672
44321	55058	71293	

2502	2763
3	200989
0	66385	134604	

2502	2775
8	539109
0	24087	73901	75888	76006	82537	92307	114383	

2502	3209
12	2012732
0	31848	59737	72358	86738	112375	219480	225414	236893	247538	262463	457888	

2502	4476
1	68899
68899	

2502	5609
1	0
0	

2527	743
1	365942
365942	

2550	739
1	0
0	

2563	1309
4	91262
10414	11221	13491	56136	

2563	1437
1	6949
6949	

2563	2475
1	18995
18995	

2563	3146
2	129791
61469	68322	

2563	3183
1	16976
16976	

2563	3381
1	20500
20500	

2563	3478
2	65538
26416	39122	

2563	3983
1	24789
24789	

2563	4180
3	89231
27150	30781	31300	

2563	4519
2	37191
17470	19721	

2563	4677
1	25815
25815	

2563	4899
1	24177
24177	

2563	5395
1	137446
137446	

2563	5569
1	23840
23840	

2604	88
1	14385
14385	

2604	202
1	35304
35304	

2604	3809
1	61195
61195	

2604	4149
1	0
0	

2604	4295
2	52200
18032	34168	

2604	4679
2	42204
11161	31043	

2652	154
1	0
0	

2652	5392
1	37901
37901	

2652	5627
1	15981
15981	

2662	3516
1	24686
24686	

2662	4470
1	15642
15642	

2684	18
2	42506
18420	24086	

2684	119
2	67224
0	67224	

2684	176
2	39246
19293	19953	

2684	183
1	4058
4058	

2684	251
2	147142
69986	77156	

2684	323
1	36418
36418	

2684	361
1	18858
18858	

2684	426
1	56004
56004	

2684	462
1	29516
29516	

2684	554
2	63005
0	63005	

2684	592
7	121356
11487	11504	13756	13825	18712	19651	32421	

2684	619
3	75407
13402	16098	45907	

2684	634
4	117584
15245	31265	31962	39112	

2684	770
4	109496
23787	24203	28168	33338	

2684	792
2	69897
15840	54057	

2684	797
2	238545
8748	229797	

2684	1030
3	33372
0	6897	26475	

2684	1084
3	39831
5488	12493	21850	

2684	1123
1	30455
30455	

2684	1182
3	212289
27075	27840	157374	

2684	1187
1	12782
12782	

2684	1237
1	19819
19819	

2684	1238
1	58492
58492	

2684	1278
1	6966
6966	

2684	1302
1	24261
24261	

2684	1463
2	26956
12381	14575	

2684	1498
4	61029
13094	15038	15960	16937	

2684	1520
2	82936
32443	50493	

2684	1526
3	163652
31787	43468	88397	

2684	1528
3	117259
27088	44088	46083	

2684	1649
6	381323
8544	15050	21806	22475	122241	191207	

2684	1705
2	22796
0	22796	

2684	1759
2	41378
0	41378	

2684	1773
2	135544
48757	86787	

2684	1871
3	89288
12755	21043	55490	

2684	1872
1	23927
23927	

2684	1967
3	67017
11840	24133	31044	

2684	1974
3	78149
0	30195	47954	

2684	2051
1	2210
2210	

2684	2190
2	63879
0	63879	

2684	2209
1	8895
8895	

2684	2218
4	85279
16590	18342	24661	25686	

2684	2229
1	40258
40258	

2684	2281
4	107151
23398	24190	24857	34706	

2684	2284
1	10320
10320	

2684	2383
2	35455
15360	20095	

2684	2518
2	46726
19986	26740	

2684	2590
1	34766
34766	

2684	2661
1	54113
54113	

2684	2662
2	59656
28634	31022	

2684	2718
1	0
0	

2684	2803
1	27548
27548	

2684	2843
2	22228
7539	14689	

2684	2868
2	48339
4572	43767	

2684	2875
1	39283
39283	

2684	2947
2	63407
26244	37163	

2684	3139
4	61887
11701	12994	16226	20966	

2684	3207
1	18430
18430	

2684	3234
1	17879
17879	

2684	3293
1	16407
16407	

2684	3303
1	15146
15146	

2684	3315
1	25678
25678	

2684	3369
2	37689
0	37689	

2684	3385
1	21642
21642	

2684	3424
2	27531
12797	14734	

2684	3484
2	28823
13362	15461	

2684	3489
1	24228
24228	

2684	3510
4	216564
3556	16739	32811	163458	

2684	3516
3	42484
12220	14538	15726	

2684	3602
2	102246
27514	74732	

2684	3677
2	19334
0	19334	

2684	3682
1	48977
48977	

2684	3713
1	13649
13649	

2684	3903
1	15901
15901	

2684	4043
2	24333
12153	12180	

2684	4094
1	78659
78659	

2684	4154
4	110080
16951	17452	24404	51273	

2684	4187
2	31357
15065	16292	

2684	4214
3	51722
14588	14778	22356	

2684	4272
1	0
0	

2684	4274
2	83362
21953	61409	

2684	4318
1	243227
243227	

2684	4453
1	13036
13036	

2684	4454
5	154471
15753	16518	30085	45409	46706	

2684	4455
1	305241
305241	

2684	4470
4	136302
3968	17130	17351	97853	

2684	4490
3	41297
12094	14543	14660	

2684	4527
2	160113
48787	111326	

2684	4575
3	67942
16172	22946	28824	

2684	4752
2	25767
0	25767	

2684	4807
1	20842
20842	

2684	4809
4	111417
19690	21804	31182	38741	

2684	4819
3	161979
27877	59898	74204	

2684	4921
1	34288
34288	

2684	5048
1	0
0	

2684	5052
1	28736
28736	

2684	5133
1	8963
8963	

2684	5135
1	18493
18493	

2684	5273
3	79142
13549	19139	46454	

2684	5277
2	64543
24695	39848	

2684	5288
1	40882
40882	

2684	5315
1	25359
25359	

2684	5383
2	65895
16597	49298	

2684	5541
3	68142
0	27002	41140	

2684	5690
2	47617
20685	26932	

2684	5762
3	43395
10040	13116	20239	

2710	2550
1	0
0	

2710	4950
5	142555
11225	15276	20627	43650	51777	

2763	244
2	62687
25796	36891	

2763	1609
2	45317
16334	28983	

2763	2090
2	293724
139761	153963	

2763	2502
6	260797
13433	15635	16004	26645	57693	131387	

2763	2775
2	53431
23095	30336	

2763	4476
1	484277
484277	

2791	1983
1	144781
144781	

2791	3018
1	159116
159116	

2791	3910
1	28093
28093	

2791	5092
2	309213
19305	289908	

2881	554
1	72066
72066	

2881	792
1	62179
62179	

2881	1302
1	46401
46401	

2881	1713
1	25192
25192	

2881	1974
1	40029
40029	

2881	2138
1	35734
35734	

2881	2190
4	175046
30645	39248	41069	64084	

2881	2284
1	12510
12510	

2881	2662
1	0
0	

2881	2684
1	26767
26767	

2881	3136
1	16420
16420	

2881	3484
1	13938
13938	

2881	3516
2	27006
12704	14302	

2881	3809
1	66600
66600	

2881	3841
1	237501
237501	

2881	4094
1	41152
41152	

2881	4470
4	99445
17441	18080	22378	41546	

2881	4643
1	34485
34485	

2881	5133
1	80468
80468	

2881	5277
1	23889
23889	

2881	5358
1	0
0	

2881	5690
1	24537
24537	

2881	5691
1	5916
5916	

3035	123
4	57486
11226	11983	12046	22231	

3035	738
1	295199
295199	

3035	1002
1	0
0	

3035	2694
1	20441
20441	

3035	3332
3	209507
35804	61511	112192	

3035	3522
1	0
0	

3035	4297
1	32688
32688	

3035	5001
1	20632
20632	

3038	4929
2	140371
51896	88475	

3067	123
2	13044
0	13044	

3067	202
1	45964
45964	

3067	279
1	234604
234604	

3067	323
2	132730
43109	89621	

3067	634
1	37230
37230	

3067	797
1	13282
13282	

3067	1030
2	61987
20459	41528	

3067	1084
1	29107
29107	

3067	1156
1	18934
18934	

3067	1187
2	27272
13110	14162	

3067	1325
2	127013
33402	93611	

3067	1498
1	29439
29439	

3067	1526
1	4917
4917	

3067	1759
1	20967
20967	

3067	1857
1	30884
30884	

3067	1948
1	15421
15421	

3067	1967
1	57381
57381	

3067	1974
1	8405
8405	

3067	1991
1	22786
22786	

3067	2056
1	20275
20275	

3067	2138
1	49641
49641	

3067	2190
2	89209
15155	74054	

3067	2383
7	332660
15322	20373	21544	33079	35501	43761	163080	

3067	2606
1	38495
38495	

3067	2662
1	31509
31509	

3067	2684
1	50942
50942	

3067	2694
2	80672
26241	54431	

3067	2843
1	16652
16652	

3067	2947
1	49267
49267	

3067	3139
1	12030
12030	

3067	3293
1	16338
16338	

3067	3333
1	16938
16938	

3067	3369
2	31085
3648	27437	

3067	3413
1	20869
20869	

3067	3424
1	21865
21865	

3067	3510
1	0
0	

3067	3522
1	20785
20785	

3067	3809
1	56694
56694	

3067	3841
1	81690
81690	

3067	4274
1	0
0	

3067	4297
1	0
0	

3067	4318
2	86381
42346	44035	

3067	4333
1	19349
19349	

3067	4453
1	5049
5049	

3067	4490
2	40288
17253	23035	

3067	4527
1	37284
37284	

3067	4575
1	20789
20789	

3067	4773
1	115052
115052	

3067	4809
2	45155
21189	23966	

3067	4819
1	16472
16472	

3067	5001
2	75249
9119	66130	

3067	5048
2	84451
24267	60184	

3067	5135
1	308
308	

3067	5259
2	21495
0	21495	

3067	5273
1	34870
34870	

3067	5288
1	35576
35576	

3146	3423
1	35454
35454	

3209	244
1	20913
20913	

3209	1248
1	84091
84091	

3209	2041
1	74481
74481	

3209	2090
3	464921
130656	134564	199701	

3209	2502
10	446735
16604	16663	18029	19541	19929	49221	51755	70568	87392	97033	

3209	2763
3	465905
73811	84524	307570	

3209	2775
11	701821
22852	25975	27151	28293	29002	32592	48735	51329	97210	103108	235574	

3209	4476
3	581504
106721	179630	295153	

3209	5609
1	58789
58789	

3278	3011
4	204883
0	38510	40446	125927	

3278	3999
2	73172
34423	38749	

3333	123
3	82201
9998	14515	57688	

3333	1002
3	190922
14606	34951	141365	

3333	1156
1	12000
12000	

3333	1237
1	64499
64499	

3333	1713
1	10356
10356	

3333	1871
1	42134
42134	

3333	2694
1	88419
88419	

3333	3035
2	35619
17452	18167	

3333	3332
3	118911
0	56114	62797	

3333	3522
2	17769
0	17769	

3333	4297
3	72613
20887	25863	25863	

3333	5001
7	159377
17999	19330	19983	20387	23208	24769	33701	

3381	954
1	28343
28343	

3381	2475
1	243922
243922	

3381	3146
1	45707
45707	

3381	3476
2	251683
78240	173443	

3381	3478
1	17569
17569	

3381	4180
2	49834
20813	29021	

3381	4519
2	99464
47750	51714	

3381	5395
2	149322
67672	81650	

3400	18
2	19857
0	19857	

3400	119
1	17820
17820	

3400	528
2	102372
30540	71832	

3400	592
1	21497
21497	

3400	619
1	19932
19932	

3400	634
1	17017
17017	

3400	770
1	30320
30320	

3400	797
1	154401
154401	

3400	1030
1	4315
4315	

3400	1182
1	118073
118073	

3400	1278
1	0
0	

3400	1498
1	10451
10451	

3400	1520
1	31422
31422	

3400	1649
1	78880
78880	

3400	1725
1	130580
130580	

3400	1871
1	37125
37125	

3400	1872
2	32307
11543	20764	

3400	1967
2	32629
13982	18647	

3400	1974
1	49693
49693	

3400	2190
1	28157
28157	

3400	2218
2	143953
24836	119117	

3400	2281
1	29293
29293	

3400	2364
1	32808
32808	

3400	2518
4	160686
17880	19019	21328	102459	

3400	2684
2	73552
30028	43524	

3400	2718
1	14500
14500	

3400	2843
2	29679
14349	15330	

3400	2875
2	28911
0	28911	

3400	3293
1	26787
26787	

3400	3303
1	0
0	

3400	3333
1	21187
21187	

3400	3484
2	54747
17143	37604	

3400	3510
1	18688
18688	

3400	3713
1	28462
28462	

3400	4179
1	16137
16137	

3400	4214
1	63826
63826	

3400	4318
1	179320
179320	

3400	4453
1	16110
16110	

3400	4454
2	52272
19924	32348	

3400	4490
1	14485
14485	

3400	4575
1	27661
27661	

3400	4643
1	16781
16781	

3400	5048
1	40178
40178	

3400	5133
1	45622
45622	

3400	5182
1	124649
124649	

3400	5273
2	25927
0	25927	

3400	5277
1	29246
29246	

3400	5315
1	26386
26386	

3400	5541
2	48931
22079	26852	

3400	5690
1	21334
21334	

3400	5762
1	0
0	

3423	3380
2	47318
19845	27473	

3423	3381
1	18291
18291	

3423	3983
1	23781
23781	

3423	4519
1	0
0	

3423	5569
1	34809
34809	

3424	119
1	0
0	

3424	279
1	42489
42489	

3424	323
1	0
0	

3424	462
1	29699
29699	

3424	463
1	100572
100572	

3424	554
1	14626
14626	

3424	634
1	0
0	

3424	1002
1	144763
144763	

3424	1030
1	12112
12112	

3424	1084
1	27275
27275	

3424	1187
2	21987
10396	11591	

3424	1238
1	19035
19035	

3424	1302
1	26525
26525	

3424	1463
1	11826
11826	

3424	1498
1	12699
12699	

3424	1520
2	110698
37183	73515	

3424	1713
3	103145
12610	32406	58129	

3424	1773
1	22791
22791	

3424	1857
4	126637
15584	34683	37027	39343	

3424	1948
2	39963
14554	25409	

3424	1974
2	73957
16216	57741	

3424	2190
2	28058
0	28058	

3424	2284
2	31764
9552	22212	

3424	2606
1	63856
63856	

3424	2662
3	142516
36896	41729	63891	

3424	2684
2	60968
27487	33481	

3424	2694
2	182469
55625	126844	

3424	2843
1	21417
21417	

3424	2947
1	34990
34990	

3424	3035
1	13274
13274	

3424	3067
1	62244
62244	

3424	3132
1	0
0	

3424	3136
1	35003
35003	

3424	3238
2	68084
13708	54376	

3424	3293
3	59734
16081	18144	25509	

3424	3315
1	110305
110305	

3424	3332
3	162689
26219	56571	79899	

3424	3333
2	76196
12963	63233	

3424	3369
2	47640
21678	25962	

3424	3484
2	38996
15033	23963	

3424	3489
4	227996
26253	40712	80204	80827	

3424	3510
1	12121
12121	

3424	3695
1	9891
9891	

3424	3809
1	28702
28702	

3424	3841
1	18000
18000	

3424	3903
1	19436
19436	

3424	4094
1	29125
29125	

3424	4179
2	29832
14485	15347	

3424	4297
1	189702
189702	

3424	4318
1	39866
39866	

3424	4333
1	15592
15592	

3424	4454
3	51206
14218	17989	18999	

3424	4575
2	97218
46884	50334	

3424	4643
2	148368
62068	86300	

3424	4752
1	20270
20270	

3424	4807
2	33321
15735	17586	

3424	4809
3	62735
14601	19819	28315	

3424	5048
2	42983
0	42983	

3424	5052
3	388475
21685	29752	337038	

3424	5133
2	66144
14254	51890	

3424	5135
2	7459
1654	5805	

3424	5259
1	0
0	

3424	5273
1	52657
52657	

3424	5288
1	45209
45209	

3424	5315
1	0
0	

3424	5494
1	11465
11465	

3424	5690
2	26956
1805	25151	

3424	5691
1	0
0	

3480	69
1	0
0	

3480	597
3	286239
44149	110866	131224	

3480	774
2	42858
18707	24151	

3480	1022
3	82717
21537	22457	38723	

3480	1305
3	56745
1615	24814	30316	

3480	1339
1	50093
50093	

3480	1420
2	28728
14148	14580	

3480	1650
2	42600
20067	22533	

3480	1913
1	0
0	

3480	2457
2	121501
28621	92880	

3480	2481
4	144991
26873	32743	37624	47751	

3480	2767
4	156342
25881	39261	42783	48417	

3480	3123
3	230766
0	59873	170893	

3480	3194
2	56240
20789	35451	

3480	3258
1	73653
73653	

3480	3577
1	75877
75877	

3480	3697
2	46032
0	46032	

3480	3925
1	27465
27465	

3480	4139
2	67758
30926	36832	

3480	4436
1	0
0	

3480	5772
3	92635
28599	30013	34023	

3484	119
1	0
0	

3484	176
1	0
0	

3484	183
3	64775
0	29965	34810	

3484	279
1	106654
106654	

3484	323
1	43033
43033	

3484	361
2	53340
19630	33710	

3484	462
1	90143
90143	

3484	592
5	96955
11630	13255	16010	18776	37284	

3484	619
1	59795
59795	

3484	634
2	112075
43064	69011	

3484	770
1	21367
21367	

3484	792
1	24361
24361	

3484	981
1	2086
2086	

3484	1084
2	33227
12554	20673	

3484	1182
1	28790
28790	

3484	1187
1	9647
9647	

3484	1278
1	0
0	

3484	1470
1	0
0	

3484	1498
2	15527
3280	12247	

3484	1526
2	66094
32473	33621	

3484	1649
1	112907
112907	

3484	1713
1	32145
32145	

3484	1725
2	89026
35802	53224	

3484	1773
3	73688
14610	29447	29631	

3484	1857
1	42490
42490	

3484	1871
1	24309
24309	

3484	1872
9	124192
350	614	4621	10902	11820	16086	17113	27969	34717	

3484	1948
1	11475
11475	

3484	1967
1	14299
14299	

3484	1974
1	30809
30809	

3484	2051
2	133397
61595	71802	

3484	2138
1	9384
9384	

3484	2190
1	28542
28542	

3484	2209
1	0
0	

3484	2281
2	17259
934	16325	

3484	2284
3	77430
12174	30723	34533	

3484	2353
1	41851
41851	

3484	2383
3	111046
13303	34807	62936	

3484	2590
1	50117
50117	

3484	2606
2	168606
0	168606	

3484	2662
2	27675
0	27675	

3484	2684
2	69410
9403	60007	

3484	2718
8	227492
1693	9315	23798	25322	29070	33883	39540	64871	

3484	2803
1	14167
14167	

3484	2875
1	61679
61679	

3484	3018
1	118295
118295	

3484	3132
1	0
0	

3484	3293
2	29257
13395	15862	

3484	3369
1	2236
2236	

3484	3400
3	823560
24672	55207	743681	

3484	3424
1	11323
11323	

3484	3677
2	73106
32332	40774	

3484	3713
2	70224
28388	41836	

3484	3809
1	28007
28007	

3484	3841
3	165265
28106	45868	91291	

3484	3903
3	31825
2135	12309	17381	

3484	4187
1	48869
48869	

3484	4194
1	20103
20103	

3484	4198
1	13624
13624	

3484	4298
2	56836
26354	30482	

3484	4333
1	13964
13964	

3484	4454
2	85214
41980	43234	

3484	4490
4	48744
6237	13609	14208	14690	

3484	4575
2	44266
2599	41667	

3484	4643
1	23903
23903	

3484	4696
3	53948
12356	14735	26857	

3484	4752
1	11595
11595	

3484	4921
1	38999
38999	

3484	5048
2	36749
14008	22741	

3484	5052
1	12448
12448	

3484	5133
2	42791
10180	32611	

3484	5135
1	259
259	

3484	5182
4	418273
17671	30447	74328	295827	

3484	5273
8	297983
13098	16775	22712	24971	31923	43938	49990	94576	

3484	5315
1	26093
26093	

3484	5490
1	30009
30009	

3484	5762
1	19330
19330	

3533	623
1	0
0	

3533	4946
1	39783
39783	

3602	119
2	48731
20107	28624	

3602	123
1	15498
15498	

3602	738
1	79370
79370	

3602	792
1	13243
13243	

3602	1002
1	67523
67523	

3602	1084
1	13627
13627	

3602	1156
1	14881
14881	

3602	1325
2	91161
32932	58229	

3602	1526
1	52209
52209	

3602	1857
1	47274
47274	

3602	1871
3	90164
1333	39329	49502	

3602	1948
2	28496
11738	16758	

3602	1967
2	69711
15716	53995	

3602	2056
2	25978
12840	13138	

3602	2190
1	63628
63628	

3602	2284
1	16183
16183	

3602	2606
3	180699
38236	69092	73371	

3602	2662
1	41597
41597	

3602	2694
1	30568
30568	

3602	3035
1	8259
8259	

3602	3132
1	0
0	

3602	3238
1	16406
16406	

3602	3293
1	14727
14727	

3602	3303
4	88406
18562	21591	23451	24802	

3602	3333
1	22132
22132	

3602	3484
3	70806
14526	23357	32923	

3602	3522
1	29835
29835	

3602	3545
1	27130
27130	

3602	3677
1	25985
25985	

3602	3695
1	23023
23023	

3602	3809
1	132715
132715	

3602	3841
1	8448
8448	

3602	4094
1	23349
23349	

3602	4179
2	30071
13601	16470	

3602	4297
1	58266
58266	

3602	4453
1	33437
33437	

3602	4454
1	21707
21707	

3602	4490
1	25388
25388	

3602	4527
1	83988
83988	

3602	4643
1	52460
52460	

3602	4773
2	189306
50046	139260	

3602	5001
3	74774
20373	22374	32027	

3602	5048
1	23568
23568	

3602	5133
2	190929
74937	115992	

3602	5259
1	56245
56245	

3602	5277
1	23302
23302	

3602	5288
1	62026
62026	

3602	5690
1	32737
32737	

3602	5691
1	110263
110263	

3614	119
1	15066
15066	

3614	738
5	1153445
27295	45942	67456	76225	936527	

3614	792
1	21880
21880	

3614	1084
1	13067
13067	

3614	1237
1	8595
8595	

3614	1520
1	45373
45373	

3614	1857
1	2244
2244	

3614	1871
1	8184
8184	

3614	1948
1	12731
12731	

3614	1967
1	5025
5025	

3614	2684
1	56467
56467	

3614	2947
1	61918
61918	

3614	3136
1	0
0	

3614	3545
1	41700
41700	

3614	4179
1	11368
11368	

3614	4453
1	2854
2854	

3614	4930
7	224846
13422	15733	23887	23904	32876	55744	59280	

3614	5277
1	32726
32726	

3622	2209
1	0
0	

3622	2358
1	151096
151096	

3622	3809
1	104353
104353	

3622	4295
1	0
0	

3622	4679
1	53942
53942	

3677	792
1	0
0	

3677	1030
1	28478
28478	

3677	1084
1	13185
13185	

3677	1156
1	8368
8368	

3677	1187
1	16011
16011	

3677	1237
1	25470
25470	

3677	1463
1	10412
10412	

3677	1520
1	38633
38633	

3677	1857
1	24889
24889	

3677	1974
2	40463
3360	37103	

3677	1991
1	55337
55337	

3677	2190
1	10430
10430	

3677	2662
1	33505
33505	

3677	2684
1	312475
312475	

3677	2843
1	18146
18146	

3677	2947
1	27403
27403	

3677	3238
1	12132
12132	

3677	3293
1	12469
12469	

3677	3303
2	32518
15575	16943	

3677	3333
1	34146
34146	

3677	3424
1	0
0	

3677	3484
1	0
0	

3677	3516
2	34043
16236	17807	

3677	3602
1	35055
35055	

3677	4094
1	50016
50016	

3677	4318
1	83283
83283	

3677	4470
3	51931
15639	17827	18465	

3677	4490
1	29884
29884	

3677	4643
2	184568
60021	124547	

3677	5048
1	25412
25412	

3677	5259
1	86485
86485	

3677	5288
1	117133
117133	

3677	5690
1	34157
34157	

3677	5691
1	31661
31661	

3682	3207
1	81751
81751	

3683	2276
1	33554
33554	

3683	2412
1	26530
26530	

3683	3038
1	16212
16212	

3695	1498
1	17674
17674	

3695	1705
1	91974
91974	

3695	3510
2	18854
5169	13685	

3779	154
1	0
0	

3779	623
1	0
0	

3779	4617
1	38665
38665	

3779	4946
1	64720
64720	

3844	739
1	0
0	

3844	2550
1	0
0	

3844	5213
1	72653
72653	

3925	311
1	12407
12407	

3925	1022
1	21463
21463	

3925	1420
5	65219
10335	11899	12374	14329	16282	

3925	1650
3	60803
19268	19693	21842	

3925	2457
2	42938
0	42938	

3925	2999
2	65451
24410	41041	

3925	3123
1	32106
32106	

3925	4308
2	22653
0	22653	

3925	5772
1	22972
22972	

3945	168
1	22651
22651	

3945	450
1	24012
24012	

3945	5627
1	18081
18081	

3983	954
1	18708
18708	

3983	1309
1	13207
13207	

3983	1840
1	23004
23004	

3983	2475
1	99893
99893	

3983	3146
1	16954
16954	

3983	3380
1	33655
33655	

3983	3423
1	23578
23578	

3983	3476
1	16814
16814	

3983	3478
1	32677
32677	

3983	4899
1	0
0	

3983	5569
1	72483
72483	

3999	3011
3	187587
13682	55272	118633	

3999	3278
1	39676
39676	

3999	4003
5	245944
44804	47636	48140	49835	55529	

3999	4446
2	124122
16637	107485	

3999	4924
2	8648689
19975	8628714	

3999	5406
1	45979
45979	

3999	5589
1	36298
36298	

4003	3011
2	125297
41329	83968	

4003	3278
2	83018
33692	49326	

4003	3999
2	61039
29432	31607	

4003	4446
13	3476721
927	36154	54692	76567	76927	264950	281742	346438	384104	393088	429218	559330	572584	

4003	4924
1	49595
49595	

4003	5406
3	104127
6074	47941	50112	

4003	5589
1	34505
34505	

4023	2652
2	85823
39955	45868	

4023	2743
1	45496
45496	

4023	4843
1	80535
80535	

4023	5392
1	97095
97095	

4149	88
1	15074
15074	

4149	202
1	39548
39548	

4149	3622
1	0
0	

4149	4295
1	19536
19536	

4154	176
4	56992
11802	12061	15670	17459	

4154	463
1	32116
32116	

4154	770
4	98754
9326	15717	33931	39780	

4154	1278
1	26317
26317	

4154	1528
2	54750
20587	34163	

4154	1649
2	120459
55041	65418	

4154	1872
2	41053
18776	22277	

4154	2281
3	112823
19695	28348	64780	

4154	2518
2	20223
0	20223	

4154	2875
1	13804
13804	

4154	4043
1	4181
4181	

4154	4187
2	123764
47432	76332	

4154	4214
3	94668
16844	17808	60016	

4154	5315
2	47103
21571	25532	

4154	5541
3	143173
20584	42121	80468	

4154	5762
3	68888
11314	26715	30859	

4179	18
2	21085
1229	19856	

4179	119
1	7809
7809	

4179	251
1	38893
38893	

4179	323
1	46600
46600	

4179	462
1	21278
21278	

4179	619
2	81567
15161	66406	

4179	634
2	120211
54942	65269	

4179	792
1	0
0	

4179	797
2	218536
12085	206451	

4179	1030
1	0
0	

4179	1084
2	28608
11191	17417	

4179	1156
3	53819
13870	19371	20578	

4179	1182
1	9402
9402	

4179	1187
2	21305
9654	11651	

4179	1237
1	2866
2866	

4179	1302
1	38609
38609	

4179	1463
2	28861
14329	14532	

4179	1498
3	60500
15328	16824	28348	

4179	1520
2	77657
34782	42875	

4179	1526
2	123242
34040	89202	

4179	1713
2	45409
21619	23790	

4179	1725
1	38814
38814	

4179	1773
1	12869
12869	

4179	1857
2	78240
37721	40519	

4179	1871
2	63220
22974	40246	

4179	1872
1	107098
107098	

4179	1967
1	0
0	

4179	1974
1	9753
9753	

4179	1991
2	43031
10916	32115	

4179	2056
2	26172
12450	13722	

4179	2190
2	73153
2248	70905	

4179	2209
1	0
0	

4179	2284
4	64276
11526	11548	14894	26308	

4179	2383
1	6334
6334	

4179	2435
1	47932
47932	

4179	2590
1	130954
130954	

4179	2606
1	44256
44256	

4179	2662
2	74523
33928	40595	

4179	2684
1	56855
56855	

4179	2718
1	38909
38909	

4179	2843
2	54972
19738	35234	

4179	2947
1	52125
52125	

4179	3132
1	71736
71736	

4179	3139
1	11169
11169	

4179	3207
1	163710
163710	

4179	3238
1	20188
20188	

4179	3293
1	18093
18093	

4179	3303
2	21920
0	21920	

4179	3333
2	157104
36046	121058	

4179	3369
2	105754
14161	91593	

4179	3413
1	20646
20646	

4179	3484
2	53028
23288	29740	

4179	3489
1	52461
52461	

4179	3510
2	177187
23725	153462	

4179	3545
1	14846
14846	

4179	3602
1	0
0	

4179	3713
4	182091
21195	22813	32015	106068	

4179	3809
1	24509
24509	

4179	3841
1	7455
7455	

4179	3903
1	15370
15370	

4179	4094
1	48585
48585	

4179	4194
2	22566
7409	15157	

4179	4198
1	38474
38474	

4179	4298
1	21763
21763	

4179	4318
2	152702
65914	86788	

4179	4333
2	29297
13906	15391	

4179	4453
1	7986
7986	

4179	4454
1	13260
13260	

4179	4490
3	53783
16736	17470	19577	

4179	4527
2	108792
39513	69279	

4179	4643
3	123896
25668	33446	64782	

4179	4696
1	25344
25344	

4179	4752
3	77771
13045	23442	41284	

4179	4773
2	213606
42301	171305	

4179	4807
1	16745
16745	

4179	4809
7	255896
14392	19003	19443	19953	24221	67353	91531	

4179	4819
2	56841
18509	38332	

4179	5048
2	44925
20531	24394	

4179	5133
2	113512
48640	64872	

4179	5135
1	4165
4165	

4179	5182
2	60199
26900	33299	

4179	5259
2	136159
25772	110387	

4179	5273
3	85330
22547	26047	36736	

4179	5288
1	35836
35836	

4179	5383
2	52613
25732	26881	

4179	5494
1	25416
25416	

4179	5690
3	76960
21764	25502	29694	

4179	5691
1	29110
29110	

4297	123
5	80112
12776	13939	15750	17166	20481	

4297	1002
1	15224
15224	

4297	1325
1	29836
29836	

4297	2694
4	76236
7184	11621	24214	33217	

4297	3035
2	17259
0	17259	

4297	3332
4	249467
15769	42739	73993	116966	

4297	3522
2	15527
7116	8411	

4297	5001
3	45331
0	19221	26110	

4308	69
1	76179
76179	

4308	176
3	44586
13331	14467	16788	

4308	311
1	77814
77814	

4308	1305
1	31137
31137	

4308	1339
1	52861
52861	

4308	1650
1	21810
21810	

4308	1994
1	34564
34564	

4308	2481
1	35516
35516	

4308	3577
1	52962
52962	

4308	3697
1	44434
44434	

4308	5772
1	56469
56469	

4436	311
1	53147
53147	

4436	597
2	135452
63331	72121	

4436	774
1	20940
20940	

4436	1339
2	209546
36885	172661	

4436	2294
1	35693
35693	

4436	2457
2	23447
7317	16130	

4436	2481
1	38168
38168	

4436	2591
1	69241
69241	

4436	2999
1	45419
45419	

4436	3123
1	36492
36492	

4436	3258
1	240659
240659	

4436	3480
1	0
0	

4454	119
1	37048
37048	

4454	183
4	103946
3815	12715	43006	44410	

4454	592
3	99725
10306	20706	68713	

4454	770
1	26167
26167	

4454	792
1	40847
40847	

4454	1528
1	78992
78992	

4454	1871
1	13471
13471	

4454	2229
1	34688
34688	

4454	2281
2	53116
19809	33307	

4454	2306
1	25044
25044	

4454	2435
4	304709
48825	58784	59166	137934	

4454	2518
2	23462
4243	19219	

4454	2661
1	26802
26802	

4454	2723
1	20616
20616	

4454	3385
1	17730
17730	

4454	3545
1	31009
31009	

4454	4043
2	31429
13993	17436	

4454	4154
1	12458
12458	

4454	4214
1	0
0	

4454	4272
1	9781
9781	

4454	4527
1	30709
30709	

4454	4743
1	0
0	

4454	5056
1	50825
50825	

4454	5315
2	27704
12753	14951	

4454	5541
1	0
0	

4454	5762
2	36902
13225	23677	

4617	3945
1	9822
9822	

4617	4023
1	23902
23902	

4677	954
2	6761446
152164	6609282	

4677	1309
1	14171
14171	

4677	2475
2	30151
13246	16905	

4677	2563
1	6274
6274	

4677	3183
1	65631
65631	

4677	3380
3	36738
0	15762	20976	

4677	3381
2	50892
19397	31495	

4677	3476
1	19099
19099	

4677	4180
3	47872
0	23090	24782	

4677	4519
5	196727
18121	24001	30220	45499	78886	

4677	4899
2	23036
0	23036	

4677	5395
2	120524
43947	76577	

4677	5569
3	222139
39931	70268	111940	

4679	67
2	19610
7195	12415	

4679	88
2	48070
15026	33044	

4679	528
2	221736
47193	174543	

4679	2209
3	49518
5736	13444	30338	

4679	3622
1	139678
139678	

4679	4527
1	46798
46798	

4807	1084
1	27969
27969	

4807	1156
1	11943
11943	

4807	1187
1	15098
15098	

4807	1237
3	138656
23214	29015	86427	

4807	1302
1	0
0	

4807	1470
2	23079
0	23079	

4807	1526
1	35067
35067	

4807	1916
1	42289
42289	

4807	1991
1	22169
22169	

4807	2190
1	41467
41467	

4807	2284
2	29564
6881	22683	

4807	2662
1	27559
27559	

4807	2803
1	13805
13805	

4807	3207
1	19790
19790	

4807	3545
1	5351
5351	

4807	3602
1	20204
20204	

4807	3682
2	72205
17285	54920	

4807	3695
1	19643
19643	

4807	3809
1	41957
41957	

4807	3841
2	82320
7533	74787	

4807	4094
1	89390
89390	

4807	4198
1	15318
15318	

4807	4318
1	0
0	

4807	4453
1	31493
31493	

4807	4527
1	60896
60896	

4807	5048
1	25350
25350	

4807	5133
1	49277
49277	

4807	5259
2	88574
22899	65675	

4807	5358
1	60705
60705	

4807	5691
2	50459
20791	29668	

4843	623
1	0
0	

4843	955
1	39528
39528	

4843	3779
6	159949
12068	14370	30313	30511	33450	39237	

4843	4617
1	0
0	

4843	5395
2	69069
23824	45245	

4843	5589
1	36551
36551	

4899	954
2	331861
25425	306436	

4899	1840
1	0
0	

4899	2563
1	12079
12079	

4899	3183
1	0
0	

4899	3380
1	18496
18496	

4899	3476
2	69916
17663	52253	

4921	361
1	0
0	

4921	462
1	36555
36555	

4921	2051
1	6913
6913	

4921	3489
1	9192
9192	

4921	3903
1	12077
12077	

4921	5052
2	58218
20879	37339	

4921	5182
1	69857
69857	

4921	5762
1	18975
18975	

4950	2710
3	316552
53015	108076	155461	

4950	3844
1	0
0	

4950	5213
2	35547
0	35547	

4950	5773
2	63270
28505	34765	

5043	623
1	0
0	

5043	987
1	49727
49727	

5043	3011
4	176972
5978	37155	43075	90764	

5043	3278
3	94857
6548	39470	48839	

5043	3533
2	50244
19952	30292	

5043	3999
4	265232
27283	31841	38500	167608	

5043	4003
1	41609
41609	

5043	4446
5	1817748
13425	90129	180190	328688	1205316	

5043	4924
1	71157
71157	

5043	5406
5	257885
39700	39806	40047	57825	80507	

5048	119
2	40465
16299	24166	

5048	202
4	114345
12933	28121	35976	37315	

5048	323
3	246096
45377	53695	147024	

5048	463
1	271309
271309	

5048	592
2	102100
0	102100	

5048	619
2	139719
56011	83708	

5048	634
1	47444
47444	

5048	770
1	25273
25273	

5048	792
1	17779
17779	

5048	797
2	311052
30075	280977	

5048	1030
1	26355
26355	

5048	1187
1	11693
11693	

5048	1302
1	25915
25915	

5048	1470
1	0
0	

5048	1498
2	36102
10411	25691	

5048	1528
1	25792
25792	

5048	1705
1	85495
85495	

5048	1967
1	9060
9060	

5048	2190
2	69623
25970	43653	

5048	2281
1	33478
33478	

5048	2284
1	11492
11492	

5048	2606
2	116164
14173	101991	

5048	2662
1	30393
30393	

5048	2684
1	49301
49301	

5048	2694
1	114357
114357	

5048	3132
1	0
0	

5048	3136
2	7317
0	7317	

5048	3293
1	13305
13305	

5048	3303
1	27033
27033	

5048	3333
1	18782
18782	

5048	3484
1	15082
15082	

5048	3510
1	10950
10950	

5048	3545
2	36960
11017	25943	

5048	3713
2	39215
19260	19955	

5048	4094
1	15653
15653	

5048	4214
1	22193
22193	

5048	4454
1	17732
17732	

5048	4490
1	22527
22527	

5048	4575
1	47723
47723	

5048	4752
3	125196
6584	16948	101664	

5048	4807
1	15776
15776	

5048	4809
1	24047
24047	

5048	5135
2	34185
14785	19400	

5048	5273
3	66761
18709	22627	25425	

5048	5277
3	340687
31393	37174	272120	

5048	5315
1	13322
13322	

5048	5383
1	26541
26541	

5048	5690
1	26415
26415	

5203	739
1	0
0	

5203	2550
1	0
0	

5203	3811
6	630171
18111	37467	64570	89895	177118	243010	

5203	3844
6	147588
0	15457	21073	34231	35499	41328	

5203	4950
1	31827
31827	

5203	5213
1	81018
81018	

5213	739
1	0
0	

5213	2214
6	109373
0	14318	19765	20659	21370	33261	

5213	2276
3	46556
12613	16869	17074	

5213	2527
1	140576
140576	

5213	2550
1	0
0	

5213	2710
3	289807
76581	100432	112794	

5213	3038
1	120247
120247	

5213	3811
5	721286
30175	131707	160010	171877	227517	

5213	3844
4	89940
5833	14932	20139	49036	

5213	4950
3	87369
17036	26875	43458	

5213	5773
1	24866
24866	

5250	168
2	108883
30573	78310	

5250	450
4	187647
22089	34487	54981	76090	

5250	666
3	215025
35181	62398	117446	

5250	2652
3	134484
40484	43611	50389	

5250	2743
2	92436
38009	54427	

5250	3533
2	64695
20765	43930	

5250	3779
4	77724
9015	11673	23352	33684	

5250	3945
1	12685
12685	

5250	4023
4	115997
19307	21826	27523	47341	

5250	4617
1	43825
43825	

5250	4843
4	208569
40873	41921	49456	76319	

5250	4946
2	57608
22834	34774	

5250	5395
2	95272
27557	67715	

5250	5627
2	15597
0	15597	

5358	1187
1	14810
14810	

5358	1302
1	22638
22638	

5358	1871
1	11390
11390	

5358	1948
1	21503
21503	

5358	3333
1	19916
19916	

5358	3484
1	0
0	

5358	3602
1	47891
47891	

5358	3841
1	19444
19444	

5358	4094
1	37147
37147	

5358	4454
1	19744
19744	

5358	4807
1	0
0	

5358	5277
2	56704
6907	49797	

5358	5691
1	0
0	

5392	154
1	26180
26180	

5392	450
1	16063
16063	

5392	623
1	0
0	

5392	666
1	73410
73410	

5392	955
1	48854
48854	

5392	2214
1	25229
25229	

5392	3779
1	51674
51674	

5392	4617
2	100663
43034	57629	

5392	5395
1	35426
35426	

5392	5627
11	244749
17235	17461	18908	19492	19916	20354	20594	22109	24536	25329	38815	

5395	154
1	0
0	

5395	623
1	0
0	

5395	666
1	38878
38878	

5395	955
3	225551
43963	45105	136483	

5395	3779
3	121385
28309	39652	53424	

5395	4899
2	36115
0	36115	

5395	4946
1	19340
19340	

5494	361
1	28192
28192	

5494	2051
1	60457
60457	

5494	5182
1	91643
91643	

5528	279
1	20711
20711	

5528	588
3	90080
4311	7592	78177	

5528	1123
1	24882
24882	

5528	1983
5	265485
25663	33867	38982	78469	88504	

5528	2458
1	31843
31843	

5528	2661
1	49667
49667	

5528	2723
1	18549
18549	

5528	2791
7	451028
15704	27970	40970	58000	73788	103959	130637	

5528	3018
3	353014
49142	144999	158873	

5528	3910
4	87607
14200	21515	23667	28225	

5528	4743
5	144300
706	26996	34333	38278	43987	

5528	4930
3	285937
21528	40882	223527	

5528	5092
2	205249
0	205249	

5569	1309
1	11871
11871	

5569	3476
1	27753
27753	

5569	5395
1	46499
46499	

5581	463
2	208974
51872	157102	

5581	1773
4	207955
20463	35674	48300	103518	

5581	2803
1	13461
13461	

5581	3207
2	23769
5800	17969	

5581	3682
2	98092
32807	65285	

5581	3809
1	28760
28760	

5581	4094
1	0
0	

5581	4198
2	26613
11590	15023	

5690	202
1	45948
45948	

5690	251
5	409147
16751	22138	22658	118390	229210	

5690	361
9	556972
8195	10990	26804	30340	45957	78084	90753	116059	149790	

5690	462
8	296218
21604	22985	23235	28071	28628	34324	47222	90149	

5690	792
1	0
0	

5690	1030
1	1635
1635	

5690	1084
1	8638
8638	

5690	1187
1	12949
12949	

5690	1238
3	71662
0	30743	40919	

5690	1302
1	30405
30405	

5690	1463
1	13543
13543	

5690	1520
1	41164
41164	

5690	1773
2	38076
17779	20297	

5690	1857
1	36477
36477	

5690	1948
2	47500
18068	29432	

5690	1991
1	23358
23358	

5690	2051
5	407117
35057	83770	84008	88791	115491	

5690	2056
1	13471
13471	

5690	2209
4	57491
0	5792	17936	33763	

5690	2590
3	72776
17865	19173	35738	

5690	2606
1	42352
42352	

5690	2868
1	73272
73272	

5690	3238
2	23763
11375	12388	

5690	3293
1	13287
13287	

5690	3303
2	32343
15969	16374	

5690	3315
1	618954
618954	

5690	3413
1	24174
24174	

5690	3424
1	32229
32229	

5690	3489
4	171634
16016	39115	51651	64852	

5690	3545
1	30887
30887	

5690	3677
1	12504
12504	

5690	3903
4	237840
16726	18504	29801	172809	

5690	4179
1	15651
15651	

5690	4490
1	18782
18782	

5690	4643
1	37953
37953	

5690	4807
1	34447
34447	

5690	4921
4	155382
35990	39022	39579	40791	

5690	5052
3	214294
17318	36693	160283	

5690	5133
1	54526
54526	

5690	5182
1	17632
17632	

5690	5383
3	69571
21106	23758	24707	

5690	5494
3	59475
11987	16332	31156	

5690	5691
1	0
0	

5690	5762
6	139136
6905	14229	15221	25279	32049	45453	

5707	249
1	27311
27311	

5707	426
1	30117
30117	

5707	1871
3	78442
14535	27462	36445	

5707	2661
1	29053
29053	

5707	2723
1	17424
17424	

5707	3234
4	163034
0	44514	48281	70239	

5707	3385
1	23541
23541	

5707	4272
1	0
0	

5707	4743
1	0
0	

5707	5056
1	55843
55843	

5772	311
1	41995
41995	

5772	597
1	68893
68893	

5772	1022
1	16577
16577	

5772	1305
1	26761
26761	

5772	1339
2	85484
40895	44589	

5772	1420
2	27797
12982	14815	

5772	2481
2	63493
31087	32406	

5772	2591
3	300858
2200	131290	167368	

5772	2767
2	35574
0	35574	

5772	2999
2	62802
30793	32009	

5772	3194
3	100435
19096	40034	41305	

5772	3258
2	223696
80384	143312	

5772	3480
1	0
0	

5772	3577
2	58228
0	58228	

5772	3697
1	39733
39733	

5772	4308
1	27988
27988	

5772	4436
2	141989
29533	112456	

5773	2214
4	80852
14111	16728	19613	30400	

