11	367
1	0
0	

11	5176
1	0
0	

49	480
1	0
0	

49	3786
1	0
0	

78	480
4	0
0	0	0	0	

78	695
8	12470
0	0	0	0	0	0	0	12470	

78	870
1	0
0	

78	3562
7	197007
0	0	0	5130	53478	62362	76037	

78	3786
3	0
0	0	0	

78	5010
1	8302
8302	

78	5030
4	208499
13332	61066	62853	71248	

367	5176
1	0
0	

480	78
4	0
0	0	0	0	

480	695
1	0
0	

480	3562
1	0
0	

480	3786
6	117919
0	0	0	5985	16920	95014	

668	11
1	0
0	

668	480
1	55704
55704	

668	695
1	0
0	

668	1275
1	0
0	

668	1817
1	0
0	

668	2512
1	0
0	

668	2852
3	26145
0	10211	15934	

668	3786
1	8561
8561	

695	78
3	0
0	0	0	

695	870
3	0
0	0	0	

695	3786
4	0
0	0	0	0	

695	3821
1	0
0	

695	5010
1	0
0	

740	1455
3	71393
2942	32707	35744	

740	1465
2	0
0	0	

740	1644
1	77339
77339	

740	2512
2	0
0	0	

740	3401
1	0
0	

740	3748
3	0
0	0	0	

740	4028
4	101873
0	7091	46158	48624	

740	4174
1	0
0	

740	5466
1	9607
9607	

870	78
2	0
0	0	

870	3786
1	0
0	

870	5010
2	12428
0	12428	

906	1455
1	15986
15986	

906	4739
1	0
0	

906	5640
1	0
0	

1067	695
4	57945
0	0	21803	36142	

1067	870
1	13652
13652	

1067	1817
1	5856
5856	

1067	3786
7	106806
0	0	6868	11432	19784	33262	35460	

1067	5010
1	69069
69069	

1275	49
2	365047
93092	271955	

1275	78
8	10906
0	0	0	0	0	0	0	10906	

1275	480
1	0
0	

1275	695
3	0
0	0	0	

1275	740
1	0
0	

1275	1667
4	111387
0	18327	28062	64998	

1275	2981
2	0
0	0	

1275	3786
2	10889
2472	8417	

1275	5010
1	0
0	

1275	5030
2	27768
3556	24212	

1374	78
1	0
0	

1374	480
1	0
0	

1374	740
1	0
0	

1374	1275
1	0
0	

1374	1644
1	0
0	

1374	2852
1	0
0	

1374	2981
2	6917
0	6917	

1374	4639
3	82209
0	2277	79932	

1374	5010
2	1328
0	1328	

1374	5176
1	0
0	

1455	740
3	0
0	0	0	

1455	906
1	0
0	

1455	2512
2	49054
0	49054	

1455	2852
1	13811
13811	

1455	3807
1	0
0	

1455	4028
2	0
0	0	

1455	4739
2	0
0	0	

1455	5176
2	0
0	0	

1455	5640
2	0
0	0	

1465	740
2	0
0	0	

1465	2981
1	3029
3029	

1465	3401
1	0
0	

1465	4028
1	0
0	

1465	4174
3	0
0	0	0	

1465	5466
1	0
0	

1644	1465
2	2672
0	2672	

1644	5640
1	0
0	

1667	49
4	428171
17357	43470	114185	253159	

1667	78
3	0
0	0	0	

1667	480
1	0
0	

1667	740
1	0
0	

1667	870
1	0
0	

1667	1455
1	13594
13594	

1667	1817
1	18858
18858	

1667	2981
2	0
0	0	

1667	3786
2	29037
7181	21856	

1667	3821
1	0
0	

1667	5010
3	9099
0	0	9099	

1667	5030
2	161848
57835	104013	

1817	78
5	0
0	0	0	0	0	

1817	480
2	0
0	0	

1817	695
7	34349
0	0	0	0	0	0	34349	

1817	870
1	0
0	

1817	3562
5	15371
0	0	0	5339	10032	

1817	3786
5	4756
0	0	0	0	4756	

1817	3821
2	23484
0	23484	

1817	5010
6	441206
0	38527	40825	72124	114697	175033	

2512	11
2	17850
0	17850	

2512	740
3	0
0	0	0	

2512	906
2	36904
4400	32504	

2512	1455
4	40068
0	2910	3872	33286	

2512	1465
4	72682
0	2399	3487	66796	

2512	1789
1	56803
56803	

2512	2598
1	12391
12391	

2512	2852
4	0
0	0	0	0	

2512	2981
1	0
0	

2512	3401
1	0
0	

2512	4028
2	40052
0	40052	

2512	4174
3	0
0	0	0	

2512	4739
3	0
0	0	0	

2598	740
3	0
0	0	0	

2598	2512
3	0
0	0	0	

2598	4028
2	0
0	0	

2852	740
1	0
0	

2852	2512
1	7772
7772	

2964	367
1	0
0	

2964	695
1	0
0	

2964	1275
1	0
0	

2964	1667
2	29476
0	29476	

2964	1817
1	0
0	

2964	2512
1	0
0	

2964	2852
1	0
0	

2964	2981
2	5994
0	5994	

2964	3748
1	19378
19378	

2964	3786
1	0
0	

2964	3807
1	0
0	

2964	5010
1	9731
9731	

2964	5176
1	0
0	

2981	1455
3	47672
0	20973	26699	

2981	1465
4	33003
0	0	0	33003	

2981	1789
1	150042
150042	

2981	2512
1	0
0	

2981	2598
1	0
0	

2981	2852
1	2549
2549	

2981	3401
1	0
0	

2981	4028
1	0
0	

2981	4739
1	0
0	

3401	2852
1	0
0	

3401	4028
2	144183
68118	76065	

3562	480
2	0
0	0	

3562	870
1	0
0	

3748	740
2	0
0	0	

3748	906
2	58797
0	58797	

3748	1455
1	117078
117078	

3748	1465
3	16419
0	5818	10601	

3748	1644
1	2542
2542	

3748	4028
3	0
0	0	0	

3786	78
3	0
0	0	0	

3786	480
4	37539
0	0	0	37539	

3786	870
1	0
0	

3786	5010
1	0
0	

3807	1455
1	4231
4231	

3807	1789
1	20134
20134	

3807	2512
1	0
0	

3807	2598
1	0
0	

3807	4739
1	0
0	

3821	78
1	0
0	

3821	695
3	0
0	0	0	

3821	3562
1	0
0	

3821	3786
1	0
0	

3821	5010
1	0
0	

3858	78
1	0
0	

3858	1275
1	0
0	

3858	1667
1	0
0	

3858	2598
1	0
0	

3858	5010
3	11930
0	2871	9059	

3858	5640
1	36143
36143	

4028	740
1	0
0	

4028	2512
1	10387
10387	

4048	906
1	0
0	

4048	1455
1	0
0	

4048	2512
3	0
0	0	0	

4048	4028
2	0
0	0	

4048	4739
1	0
0	

4174	1465
1	0
0	

4174	2512
2	0
0	0	

4174	2852
1	10958
10958	

4174	3401
1	0
0	

4174	4028
1	119302
119302	

4576	78
1	0
0	

4576	695
1	0
0	

4576	1275
2	16829
0	16829	

4576	1667
1	0
0	

4576	3786
2	31588
0	31588	

4576	5010
1	12765
12765	

4639	78
1	0
0	

4639	3786
1	0
0	

4639	5010
1	32154
32154	

4639	5030
1	91311
91311	

4739	740
2	0
0	0	

4739	1455
2	114546
2433	112113	

4739	1789
3	300273
68747	86445	145081	

4739	2512
2	0
0	0	

4739	2598
1	0
0	

4739	2852
1	0
0	

4739	3807
1	0
0	

4739	4174
1	0
0	

5010	49
2	62357
30942	31415	

5010	78
4	0
0	0	0	0	

5010	480
1	0
0	

5010	695
4	45711
0	0	0	45711	

5010	870
1	0
0	

5010	3562
2	0
0	0	

5010	3786
3	11246
0	0	11246	

5010	3821
2	4174
0	4174	

5010	5030
1	47433
47433	

5176	3807
2	0
0	0	

5466	1644
1	0
0	

5466	2852
1	35802
35802	

5466	4028
1	0
0	

5640	367
1	0
0	

5640	740
2	0
0	0	

5640	1455
5	94786
0	0	4140	6831	83815	

5640	1465
1	0
0	

5640	1789
1	117534
117534	

5640	2512
4	21015
0	0	0	21015	

5640	2598
1	0
0	

5640	3807
3	0
0	0	0	

5640	4028
1	0
0	

5640	4048
1	0
0	

5640	4174
1	8261
8261	

5640	4739
2	0
0	0	

5640	5176
1	0
0	

