82	1082
2	92094
28469	63625	

82	2104
1	33921
33921	

82	2940
1	22548
22548	

82	3582
3	75918
11944	14034	49940	

82	3691
1	14136
14136	

82	3978
2	26508
10209	16299	

82	4344
2	9112
0	9112	

82	5026
1	35613
35613	

82	5110
1	15860
15860	

82	5449
1	18773
18773	

121	2940
6	353218
0	14679	33794	35512	41289	227944	

121	4077
2	96080
28319	67761	

121	5449
1	43074
43074	

121	5546
3	127562
0	38152	89410	

205	536
1	129319
129319	

205	1082
3	125890
0	47260	78630	

205	2785
1	90284
90284	

205	2940
3	102774
30078	32026	40670	

205	3661
1	35751
35751	

205	4859
1	46058
46058	

205	5026
1	31751
31751	

205	5110
1	23996
23996	

536	776
1	2851
2851	

536	1082
3	297665
0	115243	182422	

536	1108
1	66806
66806	

536	2104
5	170531
21101	32710	34857	34902	46961	

536	2480
1	45853
45853	

536	2785
3	104212
25673	29866	48673	

536	3582
3	152022
0	60769	91253	

536	3661
3	101164
16556	40105	44503	

536	3874
2	114299
36374	77925	

536	4859
2	38184
11977	26207	

536	5110
2	100577
40817	59760	

536	5449
3	99788
0	45038	54750	

679	776
4	172791
20483	29121	44567	78620	

679	1082
2	142103
32943	109160	

679	1108
1	49505
49505	

679	2104
1	0
0	

679	2339
1	21211
21211	

679	2785
2	30742
0	30742	

679	2940
4	68189
0	9726	24855	33608	

679	3538
1	21525
21525	

679	3582
3	109175
25782	25948	57445	

679	3665
1	54605
54605	

679	3691
2	71924
21749	50175	

679	3835
1	46555
46555	

679	3874
1	43798
43798	

679	3978
1	45164
45164	

679	4344
21	108080
0	0	0	0	0	0	0	0	0	0	0	0	0	0	0	0	0	0	8984	35415	63681	

679	4624
1	8720
8720	

679	4673
2	30316
0	30316	

679	4859
1	44251
44251	

679	5057
1	46454
46454	

679	5110
1	34669
34669	

679	5459
1	74451
74451	

679	5626
1	47199
47199	

679	5731
1	35651
35651	

1082	2940
1	38025
38025	

1082	3691
1	18701
18701	

1082	4673
1	29398
29398	

1082	4859
1	0
0	

1135	2339
1	42507
42507	

1135	2370
5	73106
4913	9244	19013	19927	20009	

1135	2785
1	62653
62653	

1135	2940
1	0
0	

1135	3582
5	149356
16323	20846	35896	37540	38751	

1135	3665
2	157967
67057	90910	

1135	3835
1	27601
27601	

1135	3874
1	4718
4718	

1135	3978
1	49839
49839	

1135	4344
3	69636
0	24456	45180	

1135	4624
1	70475
70475	

1135	4673
2	22668
0	22668	

1135	5057
1	35393
35393	

1135	5459
1	118282
118282	

1135	5626
1	33637
33637	

1135	5731
1	30986
30986	

2104	1108
17	714627
0	0	0	2053	6706	15715	29484	31104	38719	49000	49775	61777	62886	69304	85454	85583	127067	

2104	3874
6	207707
0	27957	31829	41470	45722	60729	

2104	3978
11	594199
0	0	19759	34047	47669	48103	65963	74900	76891	81053	145814	

2104	4755
4	98564
0	11428	32007	55129	

2252	776
1	21251
21251	

2252	2940
1	44173
44173	

2252	4755
1	9175
9175	

2370	205
2	59389
16834	42555	

2370	536
1	25823
25823	

2370	1108
3	139612
0	59059	80553	

2370	1446
3	118245
28621	41563	48061	

2370	2252
2	82304
33549	48755	

2370	2339
3	207766
42627	62358	102781	

2370	2480
1	38092
38092	

2370	2785
4	103711
15245	26200	26599	35667	

2370	3538
1	0
0	

2370	3665
2	117346
35273	82073	

2370	3691
3	61779
0	30219	31560	

2370	3835
4	154363
20158	24424	44660	65121	

2370	4388
5	91314
0	16687	16738	25962	31927	

2370	4624
7	379673
10532	27128	41836	59121	61073	67919	112064	

2370	4673
2	50771
11437	39334	

2370	4859
3	146598
31707	49892	64999	

2370	5057
8	366758
18308	20652	27000	29128	41571	41682	65878	122539	

2370	5110
2	67530
31290	36240	

2370	5459
2	157917
35384	122533	

2370	5626
2	15085
0	15085	

2370	5731
3	68833
10999	20991	36843	

2480	2339
1	28981
28981	

2480	2785
1	101725
101725	

2480	5731
1	13691
13691	

2785	1135
1	65549
65549	

2785	1446
1	63854
63854	

2785	2480
2	128203
34701	93502	

2785	2940
1	31421
31421	

2785	3538
3	95935
18045	32609	45281	

2785	3582
5	135165
0	23639	23956	38475	49095	

2785	3691
3	0
0	0	0	

2785	5026
1	24207
24207	

2785	5110
3	173310
41230	45875	86205	

2940	121
3	102679
0	47951	54728	

2940	679
1	39098
39098	

2940	776
3	85143
10020	10228	64895	

2940	1082
1	0
0	

2940	2785
4	186946
6734	19486	55088	105638	

2940	3582
6	101217
0	0	0	25886	33278	42053	

2940	3691
5	100697
0	0	15182	38463	47052	

2940	4077
3	87132
15529	24712	46891	

2940	4755
3	111702
21544	38597	51561	

2940	5026
1	22589
22589	

2940	5110
1	47661
47661	

2940	5449
1	43632
43632	

2940	5546
3	373675
18444	121890	233341	

3345	205
1	31306
31306	

3345	1446
1	72977
72977	

3345	2339
1	365228
365228	

3345	2940
1	7415
7415	

3345	3538
1	46170
46170	

3345	3582
4	96094
9539	13693	34952	37910	

3345	3691
2	66857
33338	33519	

3345	3835
1	113876
113876	

3345	4344
2	0
0	0	

3345	4388
2	89263
30007	59256	

3345	4624
1	80079
80079	

3345	4859
2	13228
0	13228	

3345	5026
2	17689
4836	12853	

3345	5057
2	47687
13477	34210	

3345	5110
1	4311
4311	

3345	5449
1	27196
27196	

3345	5731
1	26844
26844	

3582	121
2	0
0	0	

3582	776
5	144765
0	20256	24296	38867	61346	

3582	2785
11	506771
0	11109	14867	18699	34022	35565	41799	44494	58863	92465	154888	

3582	2940
1	51436
51436	

3582	3691
1	0
0	

3582	4077
1	33653
33653	

3582	4755
4	53772
9814	10258	10464	23236	

3582	4859
4	24045
0	0	3671	20374	

3582	5449
11	492792
2071	9064	12160	38774	42959	45322	53267	62106	64161	71851	91057	

3582	5546
1	112553
112553	

3582	5626
4	124301
17938	25437	36004	44922	

3691	1446
15	643404
0	7096	29559	30988	34886	35211	39017	41622	48449	51448	52000	52850	60251	65015	95012	

3691	2252
11	488281
0	4518	18368	19942	35146	37589	51042	52953	54265	101809	112649	

3691	2480
3	72752
11029	27339	34384	

3691	2940
4	95865
7540	19625	20056	48644	

3691	3582
9	437339
24263	31541	32369	33568	45849	52218	53411	71827	92293	

3691	3661
10	114169
4362	5800	6555	9135	11524	13249	13850	14699	15897	19098	

3691	3874
1	26459
26459	

3691	4077
10	295132
0	15033	16005	19037	21661	23039	30234	30552	67626	71945	

3691	4755
2	14005
5083	8922	

3691	4859
9	420211
0	2384	24077	44035	46243	47997	53765	55311	146399	

3691	5110
3	146412
39375	40792	66245	

3691	5449
4	75149
2999	11940	23540	36670	

3691	5546
19	1524031
0	5343	10447	15165	37927	41620	42414	44573	48267	77829	84188	87116	93736	102642	128485	146739	166057	191086	200397	

3691	5731
4	98041
9319	21000	33683	34039	

3835	4755
2	34891
12648	22243	

3874	1108
1	76387
76387	

3874	2785
1	51871
51871	

3874	3978
1	49525
49525	

3874	4755
1	14184
14184	

3916	1108
1	42827
42827	

3916	2339
2	29445
14700	14745	

3916	2785
1	6659
6659	

3916	3538
1	23899
23899	

3916	3582
2	23268
0	23268	

3916	3665
1	37140
37140	

3916	3691
1	22666
22666	

3916	3835
1	20288
20288	

3916	4624
2	94706
21569	73137	

3916	4859
1	16840
16840	

3916	5057
2	103012
16618	86394	

3916	5269
1	53142
53142	

3916	5459
1	37001
37001	

4344	121
6	244713
0	0	36286	52715	52970	102742	

4344	205
4	337097
0	47752	62752	226593	

4344	536
12	259248
0	0	6822	13985	14484	15016	16171	21510	27160	43450	46081	54569	

4344	679
3	97904
16155	33731	48018	

4344	776
1	19772
19772	

4344	1108
12	770570
0	6019	21444	42754	61294	64367	66777	82757	83777	93818	117020	130543	

4344	1446
7	154270
0	6368	17190	27467	28813	29706	44726	

4344	2104
13	472406
0	0	0	16719	17870	29191	29463	35831	38062	42919	45698	50464	166189	

4344	2252
1	33698
33698	

4344	2339
8	258197
0	14835	15649	22849	31814	46202	48335	78513	

4344	2480
3	90574
20448	26369	43757	

4344	2785
35	1567080
0	0	4113	11444	14488	14971	17085	20593	20899	21004	21653	24524	24662	28040	28349	30185	30599	36286	41631	44692	45420	49581	55965	62395	63680	64492	65331	67562	72081	72523	76446	82849	96782	111585	145170	

4344	2940
8	211772
0	12398	17101	17947	22595	30776	43374	67581	

4344	3538
6	213696
16233	22565	34057	44043	46876	49922	

4344	3582
10	195713
0	0	0	0	13310	22996	35099	39112	40868	44328	

4344	3661
3	119926
20405	24318	75203	

4344	3665
5	316983
41826	52747	54372	65028	103010	

4344	3691
16	209825
0	0	0	0	0	0	0	0	0	0	22455	26161	31511	38971	41378	49349	

4344	3835
17	698706
11529	12577	13564	19164	20963	20996	26511	28861	29082	40947	43355	47251	49155	50839	60407	109639	113866	

4344	3874
11	669811
6506	12985	34020	34883	41352	50224	77686	85437	88053	90569	148096	

4344	3978
4	211899
4318	43689	77003	86889	

4344	4077
1	46099
46099	

4344	4388
13	259990
0	0	7047	8511	17446	20908	21879	24392	25342	25431	33231	34480	41323	

4344	4624
24	1454404
0	7562	29165	30809	31109	35654	37413	42868	42968	43631	44261	56951	64825	70340	70618	71477	73065	73358	78729	82311	86627	117288	127055	136320	

4344	4673
24	446279
0	0	0	6944	10484	11936	12954	13950	14234	16276	16988	18047	19381	19709	22400	22707	24240	24511	25078	27632	30294	33702	35272	39540	

4344	4755
2	133272
38315	94957	

4344	4859
15	600032
0	5867	6012	7132	11719	18040	18803	22165	22764	26793	28612	40980	50264	73075	267806	

4344	5026
4	75312
0	5800	26492	43020	

4344	5057
34	1037013
2646	4340	4433	6607	7586	8754	9470	10690	17983	19093	19097	19567	20432	22532	23326	23435	24519	25434	25772	26696	27701	29687	31871	34999	39874	45535	46652	47113	47740	50796	57514	64938	69124	121057	

4344	5110
10	406373
22921	23702	24099	30545	42945	42954	46284	54354	57918	60651	

4344	5449
2	30407
11349	19058	

4344	5459
9	489288
25157	28702	34446	36946	51389	55455	68036	84715	104442	

4344	5546
2	137762
0	137762	

4344	5626
7	163024
5200	13278	24181	25268	28346	29269	37482	

4344	5731
14	245941
4114	4794	5263	5864	8936	10458	10883	11506	16823	16888	25289	25820	30937	68366	

4673	2339
1	132962
132962	

4673	4624
1	43176
43176	

5110	1446
3	196406
48442	54603	93361	

5110	2480
1	27765
27765	

5110	3661
5	71264
0	0	9067	24219	37978	

5110	3691
1	36448
36448	

5110	4388
3	35422
9207	11588	14627	

5269	679
1	27886
27886	

5269	2785
1	0
0	

5269	2940
1	0
0	

5269	3582
5	153121
21144	23791	25524	40122	42540	

5269	3916
1	32031
32031	

5269	4344
4	42716
0	0	12902	29814	

