993	2780
3	227635
18709	34445	174481	

993	3117
3	432592
79836	88710	264046	

993	3519
1	0
0	

993	3645
2	135961
0	135961	

993	5620
3	174464
0	65194	109270	

2780	993
3	2797
0	0	2797	

2780	3117
1	0
0	

2780	4815
1	0
0	

2780	5620
1	3925
3925	

3117	993
2	23966
9464	14502	

3117	2780
2	41919
14301	27618	

3117	3519
3	24456
0	3649	20807	

3117	4815
2	76822
38228	38594	

3117	5620
2	81734
36327	45407	

3519	993
1	0
0	

3519	3645
1	0
0	

3645	4815
1	32476
32476	

3645	5620
1	95452
95452	

4815	993
4	23224
0	0	1517	21707	

4815	3645
1	0
0	

4815	5620
1	2168
2168	

5620	2780
1	29094
29094	

5620	3519
1	0
0	

5620	4815
2	47121
12818	34303	

