1087	2117
1	0
0	

1087	2541
1	0
0	

1087	3551
1	0
0	

1087	5693
1	47093
47093	

1393	1087
1	0
0	

1393	2117
3	62047
0	8533	53514	

1393	2541
1	67759
67759	

1393	3506
2	259497
50479	209018	

1393	3551
4	75141
0	0	0	75141	

1393	5285
3	255500
65946	68272	121282	

1393	5693
2	329844
0	329844	

2117	1087
1	33256
33256	

2117	5285
1	0
0	

2541	1087
2	0
0	0	

2541	1393
1	0
0	

2541	2117
2	0
0	0	

2541	3506
2	8041
0	8041	

2541	3551
1	0
0	

3468	1087
1	57797
57797	

3468	1393
1	20707
20707	

3468	2117
1	57115
57115	

3468	2541
1	101908
101908	

3468	3551
1	86650
86650	

3468	5285
1	82041
82041	

3468	5693
2	118074
35433	82641	

3506	1087
2	0
0	0	

3506	1393
1	17884
17884	

3551	2117
2	0
0	0	

3551	2541
2	72077
19444	52633	

3551	3506
2	0
0	0	

3551	5285
1	0
0	

5285	3506
1	81487
81487	

5285	5693
1	0
0	

5693	2541
1	0
0	

5693	3506
1	0
0	

