1250	1833
2	31782
4097	27685	

1250	2572
1	35011
35011	

1250	3032
2	193565
6831	186734	

1250	3243
2	62750
22638	40112	

1250	3970
1	48905
48905	

1250	4832
1	58130
58130	

1833	2572
1	6692
6692	

1833	3243
2	174042
23860	150182	

2572	1250
6	134537
5734	7153	14274	22373	22999	62004	

2572	1833
4	127812
15089	28301	29293	55129	

2572	3032
2	38777
0	38777	

2572	3243
2	151614
14697	136917	

2572	3970
2	22384
7164	15220	

2572	4832
5	249940
22119	24740	52826	72686	77569	

3032	1833
1	23072
23072	

3032	3970
1	21398
21398	

3032	4832
1	48543
48543	

3243	1250
2	46456
15877	30579	

3243	1833
1	183054
183054	

3243	2572
3	12536
0	5896	6640	

3970	1833
1	31909
31909	

3970	2572
1	90175
90175	

3970	3032
1	6260
6260	

4832	1833
1	104293
104293	

4832	2572
2	22269
0	22269	

4832	3032
1	31112
31112	

4832	3970
1	95275
95275	

