2998	1804
1	57733
57733	

2998	3152
1	0
0	

2998	3323
1	0
0	

2998	3994
1	232708
232708	

2998	5293
1	27927
27927	

2998	5398
1	190155
190155	

2998	5542
1	178116
178116	

3152	1804
2	5443884
93499	5350385	

3152	3323
1	13898
13898	

3152	4382
2	80253
39958	40295	

3152	5293
2	164428
34145	130283	

3152	5542
1	62650
62650	

3323	1527
3	333958
6442	8363	319153	

3323	1804
3	478752
6966	124934	346852	

3323	2998
1	0
0	

3323	3152
4	182209
0	13334	40414	128461	

3323	3994
1	234101
234101	

3323	4382
3	277664
1286	56302	220076	

3323	5293
3	277545
59568	104722	113255	

3323	5398
2	22779
0	22779	

3323	5542
5	501584
15757	38847	82118	180158	184704	

3994	3323
1	0
0	

5047	1527
1	422917
422917	

5047	1804
1	159254
159254	

5047	2998
2	977514
66676	910838	

5047	3152
2	117444
30406	87038	

5047	3323
1	0
0	

5047	3994
2	1834916
728184	1106732	

5047	4382
1	30941
30941	

5047	5293
1	29275
29275	

5047	5398
1	0
0	

5047	5542
2	239380
32974	206406	

5293	1527
1	244651
244651	

5293	1804
2	441426
172489	268937	

5293	2998
1	90503
90503	

5293	3152
1	0
0	

5293	3323
2	1871
464	1407	

5293	3994
1	606510
606510	

5293	4382
3	203563
36872	83234	83457	

5293	5047
1	31877
31877	

5293	5398
3	1612526
384239	472755	755532	

5293	5542
1	245659
245659	

5542	3152
1	64865
64865	

5542	3994
1	0
0	

5542	4382
1	75947
75947	

5542	5047
3	197927
25199	67942	104786	

5542	5398
1	366426
366426	

