1587	2493
1	231312
231312	

1587	4646
2	234973
54220	180753	

1587	5468
3	74108
0	29497	44611	

2161	1587
1	0
0	

2161	2493
1	124310
124310	

2161	3491
1	32761
32761	

2161	4646
1	655658
655658	

2161	5468
1	0
0	

3041	5104
1	38160
38160	

3803	1587
7	1325576
0	0	52656	158423	235845	426758	451894	

3803	2161
9	788607
21698	33306	48290	56859	70750	77196	99355	110458	270695	

3803	2493
1	0
0	

3803	3041
4	420673
0	94915	114510	211248	

3803	3491
1	30979736
30979736	

3803	4646
3	474682
82785	111816	280081	

3803	5104
15	2691325
32905	37183	46117	46398	68840	74732	80826	90795	100246	200115	267243	273862	322842	382598	666623	

3803	5468
10	699637
0	0	7969	9736	9822	18837	47826	98204	148444	358799	

5104	1587
1	41163
41163	

5104	2493
1	168821
168821	

5104	4646
1	2113208
2113208	

5104	5468
1	0
0	

5468	1587
2	15182
0	15182	

5468	2493
2	131160
56130	75030	

5468	3041
1	0
0	

5468	3491
3	239338
38799	76143	124396	

5468	4646
2	543689
122169	421520	

