2935	4016
2	177102
57644	119458	

2935	5410
1	28069
28069	

2935	5483
1	0
0	

2935	5608
1	0
0	

3774	2935
1	42044
42044	

3774	4016
1	28775
28775	

3774	5686
1	41445
41445	

4016	2935
2	98846
35466	63380	

4016	3774
2	37297
13725	23572	

4016	4337
1	0
0	

4016	5410
4	152014
24696	39590	41654	46074	

4016	5608
4	110745
0	20768	21673	68304	

4016	5686
2	74724
33177	41547	

4337	2935
1	10334
10334	

4337	3774
1	0
0	

4337	4016
2	84825
25973	58852	

4337	5410
1	0
0	

4337	5608
1	0
0	

4337	5686
1	80586
80586	

5410	2935
1	29515
29515	

5410	3774
1	30185
30185	

5410	4016
4	130944
5343	28766	38577	58258	

5410	5483
1	0
0	

5410	5686
2	166430
75309	91121	

5483	4016
1	34218
34218	

5483	5608
1	25231
25231	

5686	2935
1	32708
32708	

5686	4016
2	52906
24490	28416	

5686	4337
1	0
0	

5686	5608
1	0
0	

