2174	638
1	27050
27050	

2174	882
3	173035
28384	59478	85173	

2174	2210
1	102391
102391	

2174	2343
5	382243
0	0	67957	92553	221733	

2174	2740
2	83377
0	83377	

2174	3092
14	1027029
0	19065	23504	23769	25197	33768	35505	39057	43512	70683	90480	126781	158358	337350	

2210	2740
1	0
0	

2343	638
1	0
0	

2343	882
1	1096177
1096177	

2343	2174
2	37655
6908	30747	

2343	2210
1	107290
107290	

2343	2740
2	44050
21833	22217	

2343	3092
1	6765
6765	

2343	4089
1	75228
75228	

2343	5249
2	57166
2822	54344	

4089	2174
1	8600
8600	

4089	2210
1	24477
24477	

4089	4932
1	40050
40050	

5249	638
1	6112
6112	

5249	2174
1	0
0	

5249	3092
2	20376
0	20376	

