1387	1934
2	22738
0	22738	

1387	3534
1	0
0	

1387	3965
2	12230
0	12230	

1387	5563
1	0
0	

1934	1387
1	0
0	

1934	3534
2	0
0	0	

1934	3965
2	317699
0	317699	

1934	5563
2	0
0	0	

2717	1387
2	0
0	0	

2717	1934
1	0
0	

2717	3965
1	19169
19169	

3534	1387
2	2100108
0	2100108	

3534	1934
2	0
0	0	

3534	3965
2	41063
0	41063	

3534	5563
2	0
0	0	

3965	1387
2	149498
0	149498	

3965	1934
3	19079
0	0	19079	

3965	3534
1	0
0	

3965	5563
1	0
0	

5563	1387
1	0
0	

5563	1934
1	0
0	

5563	2717
1	0
0	

5563	3965
1	0
0	

