3	787
1	0
0	

3	1595
4	442036
0	7225	71146	363665	

3	1716
1	15191
15191	

3	2176
2	0
0	0	

787	889
2	2059
0	2059	

787	1595
1	32736
32736	

787	2176
1	0
0	

787	3019
2	0
0	0	

787	3463
1	0
0	

787	3621
1	19113
19113	

787	3656
2	0
0	0	

787	3717
1	13709
13709	

1460	1716
1	25763
25763	

1460	5290
2	72761
9633	63128	

1595	787
2	27384
0	27384	

1595	889
2	27874
0	27874	

1595	1341
14	546011
15499	21018	21398	22058	25456	25933	28615	30123	30820	31168	36031	42592	72412	142888	

1595	3019
2	0
0	0	

1595	3463
3	119186
5178	37836	76172	

1595	3621
1	8153
8153	

1595	3656
2	77010
0	77010	

1595	3717
1	43013
43013	

1595	4425
1	54285
54285	

1595	4821
2	51174
19121	32053	

1595	5124
2	76724
7039	69685	

1716	1341
1	27996
27996	

1716	1460
1	36219
36219	

1716	4821
1	0
0	

1716	5290
1	20899
20899	

2176	1460
2	8430
0	8430	

2176	1595
2	58189
9962	48227	

2176	1716
2	21735
0	21735	

2176	3621
2	0
0	0	

2176	3717
1	66173
66173	

2176	4821
2	0
0	0	

2176	5290
1	0
0	

3019	787
1	0
0	

3019	889
1	0
0	

3019	3463
1	0
0	

3019	3656
1	0
0	

3463	787
1	2994
2994	

3463	889
1	27183
27183	

3656	889
1	56594
56594	

3656	3019
1	0
0	

3717	787
1	18625
18625	

3717	3621
1	49275
49275	

3717	5124
1	0
0	

4425	3
3	81506
0	17405	64101	

4425	787
2	55697
0	55697	

4425	1341
2	30218
0	30218	

4425	1460
2	111102
0	111102	

4425	1595
1	25280
25280	

4425	1716
1	16045
16045	

4425	2176
1	58797
58797	

4425	3621
1	0
0	

4425	4821
2	0
0	0	

4425	5290
1	0
0	

4821	1341
1	0
0	

4821	1595
1	0
0	

4821	1716
1	13459
13459	

4821	3621
1	2544
2544	

4821	4425
3	32328
0	2793	29535	

5124	787
1	12673
12673	

5124	1341
2	14971
0	14971	

5124	1460
1	39183
39183	

5124	2176
2	15097
6338	8759	

5124	5290
1	15412
15412	

5290	5124
1	36212
36212	

