1102	1702
5	322278
0	29543	61262	67268	164205	

1102	1922
3	100473
24553	34376	41544	

1102	3588
1	0
0	

1102	3778
1	0
0	

1102	4414
1	49664
49664	

1102	5618
1	42417
42417	

1702	1922
2	33572
0	33572	

1702	2111
2	205846
41629	164217	

1702	3588
3	116227
0	31735	84492	

1702	3778
2	9076
0	9076	

1702	4414
1	0
0	

1702	5618
1	0
0	

1922	3588
1	0
0	

1922	3778
2	0
0	0	

1922	4414
1	0
0	

2111	3588
1	111922
111922	

2111	3778
2	39136
0	39136	

2111	4414
5	211833
9896	21563	23391	39091	117892	

3588	1702
1	9764
9764	

3588	3778
1	0
0	

3588	4414
1	60525
60525	

3778	5618
2	83820
0	83820	

4414	3588
1	0
0	

5618	1922
1	13188
13188	

5618	2111
1	69646
69646	

5618	3588
1	130527
130527	

5618	3778
1	0
0	

