46	352
1	0
0	

46	956
1	0
0	

46	2202
1	0
0	

46	2576
1	0
0	

62	107
1	0
0	

62	2693
1	0
0	

102	139
2	0
0	0	

102	677
1	0
0	

102	873
1	0
0	

102	956
2	0
0	0	

102	1042
1	0
0	

102	1045
1	0
0	

102	1491
1	0
0	

102	1641
2	0
0	0	

102	2202
2	0
0	0	

102	2334
2	27259
0	27259	

102	2887
2	0
0	0	

102	3299
1	0
0	

102	3662
1	0
0	

102	4165
2	0
0	0	

102	4962
1	0
0	

102	5318
1	0
0	

102	5362
2	0
0	0	

102	5577
2	0
0	0	

139	102
1	0
0	

139	474
1	0
0	

139	677
1	0
0	

139	840
1	21220
21220	

139	956
1	0
0	

139	1042
2	28715
0	28715	

139	1045
1	0
0	

139	1641
1	0
0	

139	2334
1	0
0	

139	2420
2	0
0	0	

139	2727
1	3994
3994	

139	2747
1	0
0	

139	2887
2	0
0	0	

139	3299
3	16017
0	0	16017	

139	3662
2	18122
0	18122	

139	4962
2	8012
0	8012	

139	5362
3	55268
0	0	55268	

139	5577
3	0
0	0	0	

147	778
1	0
0	

147	953
1	0
0	

147	4462
1	63401
63401	

238	956
1	0
0	

238	1045
1	0
0	

238	1491
1	0
0	

238	2887
1	0
0	

238	3299
1	0
0	

238	4165
2	44629
0	44629	

238	5318
1	0
0	

255	1270
1	0
0	

255	2255
1	0
0	

261	4591
1	0
0	

280	1955
1	0
0	

280	2946
1	0
0	

280	3138
1	0
0	

280	3591
1	0
0	

280	4172
1	0
0	

280	5283
1	0
0	

331	255
1	0
0	

331	1270
1	0
0	

331	2361
1	0
0	

331	2685
1	0
0	

331	2997
1	0
0	

331	3116
1	38016
38016	

331	3342
1	0
0	

331	3736
1	0
0	

331	4462
1	87671
87671	

342	578
1	0
0	

352	238
1	0
0	

352	1042
1	7546
7546	

352	5319
1	34650
34650	

388	614
1	0
0	

388	690
1	0
0	

396	840
1	0
0	

396	2997
1	2307
2307	

396	3342
1	0
0	

396	3435
1	0
0	

411	5354
1	0
0	

430	4005
1	7397
7397	

430	4744
1	0
0	

474	156
1	0
0	

474	840
1	0
0	

474	1113
1	0
0	

474	2997
1	0
0	

474	3861
1	0
0	

474	4462
1	0
0	

475	1385
1	0
0	

475	2524
1	0
0	

475	2691
1	0
0	

475	3142
1	0
0	

475	3248
1	0
0	

475	4792
1	0
0	

475	5307
1	0
0	

529	430
1	0
0	

529	4744
1	0
0	

573	139
1	0
0	

573	677
1	0
0	

573	2576
1	0
0	

578	4981
1	0
0	

578	5354
1	15937
15937	

578	5446
1	0
0	

614	388
1	0
0	

614	3626
1	19710
19710	

677	102
1	0
0	

677	139
1	0
0	

677	156
1	34270
34270	

677	778
1	0
0	

677	956
1	0
0	

677	966
1	0
0	

677	1042
1	0
0	

677	1045
1	0
0	

677	1113
1	0
0	

677	1491
2	33573
0	33573	

677	1641
1	0
0	

677	2202
1	0
0	

677	2727
1	0
0	

677	2887
2	0
0	0	

677	2997
1	0
0	

677	3662
1	0
0	

677	4165
1	0
0	

677	4962
2	0
0	0	

677	5362
1	0
0	

689	915
1	0
0	

689	953
1	7427
7427	

689	966
1	0
0	

689	1042
1	0
0	

689	2361
1	0
0	

689	2727
1	0
0	

689	2887
1	0
0	

689	3299
1	0
0	

689	3342
1	21345
21345	

689	4345
1	0
0	

689	4424
1	0
0	

806	342
1	0
0	

806	411
2	20946
0	20946	

806	578
1	0
0	

806	1385
1	0
0	

806	1513
1	0
0	

806	1651
1	0
0	

806	2230
1	0
0	

806	2467
1	0
0	

806	2653
2	46586
0	46586	

806	2693
1	0
0	

806	2707
1	167897
167897	

806	2890
1	0
0	

806	3248
1	0
0	

806	4224
1	0
0	

806	4349
1	0
0	

806	4600
1	0
0	

806	4981
1	0
0	

806	5014
1	0
0	

806	5038
1	0
0	

806	5307
1	0
0	

806	5354
1	12113
12113	

806	5368
1	0
0	

806	5446
1	133809
133809	

840	474
1	0
0	

840	953
1	18382
18382	

840	1042
1	0
0	

840	1641
1	0
0	

840	2997
1	0
0	

840	3435
1	0
0	

840	5319
1	0
0	

873	4061
1	0
0	

915	255
1	0
0	

915	261
1	0
0	

915	1270
2	0
0	0	

915	3736
1	0
0	

915	4591
1	0
0	

956	102
1	0
0	

956	139
3	0
0	0	0	

956	677
1	0
0	

956	873
1	0
0	

956	966
1	0
0	

956	1042
1	0
0	

956	1045
5	14127
0	0	0	6687	7440	

956	1491
5	134719
0	0	22440	45272	67007	

956	1641
2	0
0	0	

956	2202
3	30690
0	0	30690	

956	2215
2	0
0	0	

956	2303
1	0
0	

956	2334
2	0
0	0	

956	2420
2	0
0	0	

956	2576
1	0
0	

956	2727
3	7320
0	0	7320	

956	2747
1	0
0	

956	2887
2	0
0	0	

956	3299
2	0
0	0	

956	3662
1	0
0	

956	3663
1	28839
28839	

956	4061
1	0
0	

956	4165
1	0
0	

956	4962
3	2176
0	0	2176	

956	5031
1	0
0	

956	5318
1	0
0	

956	5362
3	0
0	0	0	

956	5424
1	0
0	

956	5515
1	0
0	

956	5577
1	0
0	

1042	102
1	0
0	

1042	139
2	53484
19901	33583	

1042	147
1	0
0	

1042	396
3	82965
7333	18960	56672	

1042	474
1	0
0	

1042	573
1	0
0	

1042	677
2	0
0	0	

1042	953
1	13977
13977	

1042	956
2	0
0	0	

1042	1024
1	0
0	

1042	1045
1	0
0	

1042	1113
1	0
0	

1042	1491
2	151630
0	151630	

1042	1641
2	0
0	0	

1042	1957
1	41450
41450	

1042	2202
2	84082
0	84082	

1042	2420
1	0
0	

1042	2576
1	0
0	

1042	2727
2	0
0	0	

1042	2887
1	0
0	

1042	3299
3	45115
0	0	45115	

1042	3435
2	0
0	0	

1042	3662
2	9319
0	9319	

1042	3663
1	0
0	

1042	4165
2	0
0	0	

1042	4424
2	0
0	0	

1042	4962
1	0
0	

1042	5031
1	0
0	

1042	5318
1	0
0	

1042	5319
2	2026
0	2026	

1042	5362
2	0
0	0	

1045	956
2	50732
0	50732	

1045	1491
1	0
0	

1045	2420
2	0
0	0	

1045	2727
1	0
0	

1045	2747
1	0
0	

1045	3662
1	0
0	

1045	4962
2	39595
0	39595	

1045	5362
1	0
0	

1113	778
1	0
0	

1113	4462
2	0
0	0	

1218	261
1	0
0	

1218	2255
1	0
0	

1218	2685
1	0
0	

1270	255
1	0
0	

1270	331
1	17103
17103	

1270	2255
1	0
0	

1270	2997
1	0
0	

1270	4591
1	0
0	

1288	62
1	0
0	

1288	107
1	0
0	

1385	411
1	0
0	

1385	806
1	0
0	

1385	1513
1	0
0	

1385	1651
1	0
0	

1385	2335
1	0
0	

1385	2524
1	0
0	

1385	2693
1	51378
51378	

1385	3471
1	0
0	

1385	3777
1	0
0	

1385	3791
1	0
0	

1385	4224
1	0
0	

1385	4792
1	0
0	

1385	4883
1	0
0	

1385	5014
1	0
0	

1385	5307
1	0
0	

1385	5418
1	0
0	

1426	388
1	0
0	

1426	1419
1	0
0	

1426	2946
1	0
0	

1426	3138
1	0
0	

1426	4053
1	0
0	

1426	4873
1	0
0	

1483	2707
1	0
0	

1483	5038
3	41289
0	19499	21790	

1491	139
1	0
0	

1491	956
3	2353
0	0	2353	

1491	1042
1	0
0	

1491	2334
2	0
0	0	

1491	2727
2	0
0	0	

1491	2887
1	0
0	

1491	3662
1	0
0	

1491	4962
1	0
0	

1491	5031
1	0
0	

1513	806
1	0
0	

1513	1385
1	0
0	

1513	2335
1	0
0	

1513	2524
1	0
0	

1513	3142
1	0
0	

1513	4224
1	0
0	

1513	4839
1	7712
7712	

1541	4799
1	0
0	

1635	1483
1	0
0	

1635	2707
1	0
0	

1635	4017
1	0
0	

1635	5038
2	65242
11973	53269	

1635	5473
1	0
0	

1641	139
2	0
0	0	

1641	677
2	264973
0	264973	

1641	873
1	0
0	

1641	956
2	0
0	0	

1641	966
1	0
0	

1641	1042
2	0
0	0	

1641	1045
1	0
0	

1641	2202
1	0
0	

1641	2303
1	0
0	

1641	2334
1	0
0	

1641	2420
1	0
0	

1641	2727
1	0
0	

1641	2747
1	0
0	

1641	2887
2	0
0	0	

1641	3299
3	16785
0	0	16785	

1641	3662
1	0
0	

1641	4061
1	0
0	

1641	4165
1	1249
1249	

1641	4962
1	0
0	

1641	5031
1	62131
62131	

1641	5318
2	0
0	0	

1641	5362
1	0
0	

1651	62
1	0
0	

1651	806
1	0
0	

1651	1288
1	0
0	

1651	1385
1	0
0	

1651	1513
1	0
0	

1651	2335
1	1732
1732	

1651	2707
1	0
0	

1651	2890
1	0
0	

1651	4115
1	0
0	

1651	4224
1	0
0	

1651	4792
1	0
0	

1651	5038
1	15620
15620	

1651	5473
1	0
0	

1687	1955
1	0
0	

1687	2946
1	0
0	

1687	3138
1	0
0	

1687	3591
1	0
0	

1687	4672
1	0
0	

1955	1687
1	0
0	

1955	2946
1	0
0	

1955	3138
1	0
0	

1955	3591
1	0
0	

1955	4672
1	0
0	

1955	5283
1	0
0	

1957	255
1	0
0	

1957	956
2	0
0	0	

1957	1042
1	0
0	

1957	2255
1	0
0	

1957	2997
1	0
0	

1957	3116
1	0
0	

1957	4165
1	0
0	

1957	4424
1	0
0	

1957	5319
1	0
0	

2202	139
1	0
0	

2202	956
1	0
0	

2202	2727
1	0
0	

2202	3299
1	0
0	

2202	4962
1	0
0	

2202	5577
2	0
0	0	

2230	342
1	0
0	

2230	411
1	0
0	

2230	2467
1	9720
9720	

2230	4600
1	0
0	

2230	4883
1	0
0	

2230	4981
1	0
0	

2230	5354
1	0
0	

2230	5446
1	0
0	

2255	1270
1	72633
72633	

2334	677
1	0
0	

2334	956
1	0
0	

2334	1491
2	0
0	0	

2334	2727
1	0
0	

2334	3299
1	0
0	

2334	3662
1	0
0	

2334	4165
2	0
0	0	

2335	806
1	0
0	

2335	1385
1	0
0	

2335	1513
1	0
0	

2335	3471
1	0
0	

2335	4224
1	0
0	

2335	4792
1	0
0	

2361	255
1	0
0	

2361	1270
1	0
0	

2361	3116
1	51969
51969	

2420	139
1	0
0	

2420	956
2	0
0	0	

2420	1042
1	0
0	

2420	3662
1	0
0	

2420	5031
1	52501
52501	

2466	3181
1	14551
14551	

2466	4115
1	0
0	

2466	5162
1	10598
10598	

2466	5216
1	0
0	

2524	1651
1	0
0	

2524	2335
1	0
0	

2524	3471
1	0
0	

2524	3777
1	0
0	

2524	4115
1	0
0	

2524	4224
1	0
0	

2524	5307
1	0
0	

2576	147
1	18578
18578	

2576	677
1	41593
41593	

2576	915
1	0
0	

2576	956
4	0
0	0	0	0	

2576	1113
2	265297
0	265297	

2576	2887
1	0
0	

2576	3116
1	0
0	

2576	3342
1	35625
35625	

2576	4954
1	0
0	

2576	5031
1	0
0	

2691	475
1	0
0	

2691	806
1	0
0	

2691	1385
1	18485
18485	

2691	1513
1	0
0	

2691	2709
1	0
0	

2691	2890
1	0
0	

2691	3248
1	0
0	

2691	3471
1	0
0	

2691	3777
1	0
0	

2691	4115
1	0
0	

2691	4981
1	0
0	

2691	5307
1	0
0	

2691	5473
1	0
0	

2693	62
1	13744
13744	

2693	107
1	11223
11223	

2693	3471
1	0
0	

2693	4224
1	0
0	

2693	4792
1	0
0	

2693	5418
1	0
0	

2707	1483
1	0
0	

2707	2890
1	10642
10642	

2707	4017
1	0
0	

2707	5473
1	0
0	

2727	139
1	0
0	

2727	573
1	0
0	

2727	956
1	0
0	

2727	966
1	0
0	

2727	1042
1	0
0	

2727	1491
2	0
0	0	

2727	2334
1	49404
49404	

2727	2420
1	0
0	

2727	2576
1	0
0	

2727	2887
2	0
0	0	

2727	3299
1	0
0	

2727	4954
1	0
0	

2727	5362
1	21028
21028	

2792	1419
1	0
0	

2792	1687
1	0
0	

2792	1955
1	0
0	

2792	3138
1	0
0	

2792	3591
1	0
0	

2792	3626
1	0
0	

2792	4672
1	0
0	

2792	4873
1	0
0	

2792	5283
1	0
0	

2827	430
1	0
0	

2827	529
1	0
0	

2827	2466
1	0
0	

2827	3181
1	0
0	

2827	3471
1	0
0	

2827	4115
1	165775
165775	

2827	4895
1	0
0	

2827	5162
1	0
0	

2827	5216
1	0
0	

2887	956
1	0
0	

2887	1641
1	0
0	

2887	2215
1	0
0	

2887	2420
1	0
0	

2887	2727
1	0
0	

2887	2747
2	0
0	0	

2887	3299
1	0
0	

2887	3662
1	0
0	

2890	1483
2	5948
0	5948	

2890	1635
2	28917
11181	17736	

2890	2707
1	0
0	

2890	3248
1	0
0	

2890	4017
1	0
0	

2890	5038
2	14342
0	14342	

2946	1955
1	0
0	

2946	3138
1	0
0	

2946	3591
1	0
0	

2946	5283
1	0
0	

2984	280
1	0
0	

2984	388
5	13482
0	1379	2755	4266	5082	

2984	690
1	0
0	

2984	1419
1	0
0	

2984	1955
1	0
0	

2984	2946
1	0
0	

2984	3138
1	0
0	

2984	3591
1	0
0	

2984	3624
1	0
0	

2984	4672
1	6548
6548	

2984	5283
1	0
0	

2997	255
1	0
0	

2997	261
1	0
0	

2997	352
1	0
0	

2997	677
1	0
0	

2997	778
1	0
0	

2997	840
1	27576
27576	

2997	953
1	21086
21086	

2997	956
1	0
0	

2997	1218
1	0
0	

2997	1270
1	0
0	

2997	1419
1	0
0	

2997	2215
1	0
0	

2997	2255
2	0
0	0	

2997	2685
1	0
0	

2997	3116
4	13583
0	0	6760	6823	

2997	3662
1	0
0	

2997	3736
1	0
0	

2997	4345
1	0
0	

2997	5319
2	11742
0	11742	

2997	5424
1	0
0	

3116	255
1	0
0	

3116	261
1	0
0	

3116	915
1	40879
40879	

3116	1270
1	0
0	

3116	2255
3	80155
0	0	80155	

3116	2361
1	0
0	

3116	4591
2	7060
0	7060	

3138	1419
1	0
0	

3138	1955
1	0
0	

3138	2946
1	0
0	

3138	3591
1	0
0	

3138	5283
1	0
0	

3142	62
1	0
0	

3142	342
1	0
0	

3142	430
1	0
0	

3142	475
1	0
0	

3142	529
1	0
0	

3142	806
1	0
0	

3142	1288
1	85989
85989	

3142	1385
1	0
0	

3142	1513
1	0
0	

3142	1651
1	0
0	

3142	2335
1	0
0	

3142	2466
1	0
0	

3142	2524
2	8909
0	8909	

3142	2653
1	0
0	

3142	2691
1	0
0	

3142	2709
1	0
0	

3142	2890
2	58569
0	58569	

3142	3248
2	26087
0	26087	

3142	3471
1	0
0	

3142	3777
1	0
0	

3142	3791
1	0
0	

3142	4115
1	0
0	

3142	4224
1	0
0	

3142	4792
1	0
0	

3142	4839
1	67915
67915	

3142	4888
1	0
0	

3142	4895
1	0
0	

3142	5014
1	26988
26988	

3142	5038
1	0
0	

3142	5307
1	0
0	

3142	5418
1	12604
12604	

3181	430
1	0
0	

3181	3471
1	238856
238856	

3181	4799
1	0
0	

3181	4895
1	0
0	

3181	5162
1	0
0	

3181	5216
1	0
0	

3248	475
1	0
0	

3248	1385
1	0
0	

3248	1483
3	142939
0	6908	136031	

3248	1635
3	219535
0	7242	212293	

3248	1651
1	0
0	

3248	2335
1	0
0	

3248	2691
1	0
0	

3248	2693
1	0
0	

3248	2707
1	0
0	

3248	2890
1	0
0	

3248	3471
1	0
0	

3248	4017
2	55935
0	55935	

3248	4115
1	0
0	

3248	5038
2	13581
0	13581	

3248	5307
2	188677
0	188677	

3248	5473
1	0
0	

3299	102
2	0
0	0	

3299	139
2	24430
0	24430	

3299	474
1	0
0	

3299	677
1	0
0	

3299	873
1	0
0	

3299	956
2	0
0	0	

3299	1042
1	0
0	

3299	1045
1	0
0	

3299	1491
1	0
0	

3299	1641
2	0
0	0	

3299	2303
1	0
0	

3299	2334
2	0
0	0	

3299	2727
2	0
0	0	

3299	2747
1	0
0	

3299	2887
2	0
0	0	

3299	3662
1	0
0	

3299	3663
1	0
0	

3299	4061
1	0
0	

3299	4165
1	0
0	

3299	4424
1	0
0	

3299	5318
1	0
0	

3299	5362
2	0
0	0	

3342	915
1	28963
28963	

3342	1270
1	0
0	

3342	1419
1	0
0	

3342	2255
1	0
0	

3342	3736
1	0
0	

3342	4591
1	0
0	

3435	46
1	25992
25992	

3435	156
1	6341
6341	

3435	840
2	17444
5201	12243	

3435	2997
1	18315
18315	

3435	3861
2	12386
0	12386	

3435	4424
1	0
0	

3435	4954
1	0
0	

3435	5319
1	16964
16964	

3451	1483
1	0
0	

3451	1651
1	104514
104514	

3451	3142
1	421177
421177	

3451	3248
1	0
0	

3451	3777
1	0
0	

3451	3791
1	0
0	

3451	5307
1	0
0	

3471	529
1	0
0	

3471	806
1	0
0	

3471	1385
1	0
0	

3471	1513
1	0
0	

3471	2466
2	145101
0	145101	

3471	2524
1	0
0	

3471	2691
1	0
0	

3471	2709
1	0
0	

3471	3181
1	0
0	

3471	3777
1	0
0	

3471	4792
1	0
0	

3471	4799
1	0
0	

3471	5307
1	0
0	

3471	5418
1	7562
7562	

3591	1955
1	0
0	

3591	2946
1	0
0	

3591	3138
1	0
0	

3624	388
1	0
0	

3624	614
1	0
0	

3624	690
1	0
0	

3625	388
2	3638
57	3581	

3625	614
1	0
0	

3625	690
1	0
0	

3625	3138
1	0
0	

3625	3591
1	0
0	

3625	3626
2	38552
18059	20493	

3625	4672
1	0
0	

3625	5283
1	0
0	

3626	388
1	0
0	

3626	614
1	0
0	

3626	690
1	0
0	

3626	5283
1	0
0	

3662	102
1	0
0	

3662	139
1	0
0	

3662	956
2	0
0	0	

3662	966
1	0
0	

3662	1042
2	0
0	0	

3662	1491
1	0
0	

3662	2334
2	35811
0	35811	

3662	2727
2	10712
0	10712	

3662	2887
1	0
0	

3662	3299
2	0
0	0	

3662	4962
2	0
0	0	

3662	5362
1	0
0	

3663	139
1	0
0	

3663	2727
1	0
0	

3736	2685
1	0
0	

3777	1385
1	0
0	

3777	2524
1	0
0	

3777	2693
1	0
0	

3777	2709
1	0
0	

3777	2890
1	0
0	

3777	4799
1	0
0	

3777	5307
1	0
0	

3791	1513
1	0
0	

3791	1651
1	0
0	

3791	2335
2	130961
0	130961	

3791	4792
1	0
0	

3861	139
1	0
0	

3861	156
1	0
0	

3861	238
1	35623
35623	

3861	956
2	0
0	0	

3861	1042
1	0
0	

3861	2576
1	87459
87459	

3861	3116
1	50024
50024	

3861	4424
1	0
0	

3861	4954
1	0
0	

3861	5319
1	0
0	

3861	5424
1	48014
48014	

4005	4895
1	0
0	

4017	1635
1	0
0	

4017	2890
1	0
0	

4017	3248
1	0
0	

4017	5038
1	15732
15732	

4053	1687
1	0
0	

4053	2946
1	0
0	

4053	3591
1	0
0	

4053	5283
1	0
0	

4061	873
1	0
0	

4115	430
1	0
0	

4115	475
1	0
0	

4115	806
1	0
0	

4115	1513
1	0
0	

4115	1541
1	0
0	

4115	2466
1	0
0	

4115	2524
1	0
0	

4115	3142
1	0
0	

4115	3248
1	0
0	

4115	3471
1	0
0	

4115	3777
1	0
0	

4115	4224
1	0
0	

4115	4744
1	0
0	

4115	4792
1	0
0	

4115	5014
1	0
0	

4115	5307
1	0
0	

4165	102
1	0
0	

4165	139
1	0
0	

4165	677
2	0
0	0	

4165	956
1	0
0	

4165	2215
1	0
0	

4165	2334
1	0
0	

4165	2420
1	0
0	

4165	3299
2	0
0	0	

4165	3662
1	0
0	

4165	5362
1	0
0	

4165	5577
1	0
0	

4172	1687
1	9135
9135	

4172	1955
1	0
0	

4172	3138
1	0
0	

4172	3591
1	0
0	

4172	4672
1	0
0	

4172	5283
1	0
0	

4221	1687
1	0
0	

4221	2946
1	0
0	

4221	3138
1	0
0	

4221	4672
1	0
0	

4221	5283
1	0
0	

4224	62
1	0
0	

4224	475
1	0
0	

4224	806
1	0
0	

4224	1385
2	125681
0	125681	

4224	1513
1	0
0	

4224	2335
1	0
0	

4224	2524
1	0
0	

4224	3248
1	0
0	

4224	3471
1	0
0	

4224	3777
1	0
0	

4224	4115
1	0
0	

4224	4792
1	0
0	

4224	5216
1	0
0	

4345	915
1	0
0	

4345	2685
2	0
0	0	

4345	3342
2	35967
0	35967	

4345	3736
1	0
0	

4424	46
1	0
0	

4424	238
1	0
0	

4424	474
1	0
0	

4424	840
2	0
0	0	

4424	1042
1	0
0	

4424	1113
1	0
0	

4424	3435
2	3291
0	3291	

4424	4954
2	0
0	0	

4424	5319
2	0
0	0	

4424	5424
1	0
0	

4462	1113
1	0
0	

4462	2997
1	0
0	

4591	261
1	0
0	

4591	2255
1	0
0	

4591	2361
1	18083
18083	

4591	2685
1	31221
31221	

4591	3116
1	0
0	

4600	806
1	0
0	

4600	2230
1	0
0	

4600	2653
1	0
0	

4600	4883
1	0
0	

4600	5014
1	0
0	

4625	1419
1	0
0	

4625	2946
1	0
0	

4625	3138
1	0
0	

4625	4672
1	0
0	

4625	5283
1	0
0	

4672	388
1	0
0	

4672	1955
1	0
0	

4682	1955
1	20188
20188	

4682	4873
1	74235
74235	

4744	529
1	0
0	

4744	2827
1	0
0	

4792	107
2	82809
29419	53390	

4792	475
1	0
0	

4792	1385
1	0
0	

4792	1513
1	0
0	

4792	1651
1	0
0	

4792	2230
1	0
0	

4792	2335
1	0
0	

4792	2524
1	0
0	

4792	2691
1	0
0	

4792	2693
2	135463
0	135463	

4792	2890
1	0
0	

4792	3248
1	0
0	

4792	3791
1	0
0	

4792	4224
1	0
0	

4792	4600
1	0
0	

4792	4682
1	63551
63551	

4792	4839
1	0
0	

4792	5307
1	0
0	

4792	5418
1	0
0	

4799	1541
1	0
0	

4799	2466
1	0
0	

4799	2827
1	0
0	

4799	3181
1	26694
26694	

4799	3777
1	0
0	

4842	388
2	294738
0	294738	

4842	614
3	143948
0	2475	141473	

4842	690
2	372231
0	372231	

4842	1419
1	0
0	

4842	1955
1	0
0	

4842	2946
1	0
0	

4842	3138
1	0
0	

4842	3591
1	0
0	

4842	3624
2	332376
4223	328153	

4842	3625
1	226343
226343	

4842	3626
4	463216
13769	21592	169667	258188	

4842	5283
1	0
0	

4873	1419
1	0
0	

4873	1955
1	0
0	

4873	3138
1	0
0	

4873	3591
1	0
0	

4873	5283
1	0
0	

4883	342
1	0
0	

4883	578
1	0
0	

4883	2230
1	0
0	

4883	4600
1	0
0	

4883	4981
1	0
0	

4883	5368
1	0
0	

4888	2691
1	0
0	

4888	4792
1	0
0	

4895	529
1	0
0	

4895	3181
1	168710
168710	

4895	5162
2	30314
0	30314	

4962	139
2	15923
0	15923	

4962	956
2	0
0	0	

4962	1042
1	0
0	

4962	1045
3	35158
0	0	35158	

4962	1491
2	0
0	0	

4962	2202
1	0
0	

4962	2215
1	0
0	

4962	2747
1	0
0	

4962	2887
2	0
0	0	

4962	3662
2	0
0	0	

4962	4424
1	0
0	

4962	5362
1	0
0	

4981	2230
1	0
0	

4981	2467
1	0
0	

4981	2653
1	0
0	

4981	4349
1	0
0	

4981	5368
1	0
0	

5014	4349
1	0
0	

5014	4981
1	0
0	

5031	956
2	0
0	0	

5031	1270
1	55249
55249	

5031	1491
1	0
0	

5031	1641
1	0
0	

5031	2334
1	0
0	

5031	2420
1	0
0	

5031	2727
1	0
0	

5031	4962
1	0
0	

5032	430
1	0
0	

5032	529
1	0
0	

5032	1541
2	96364
0	96364	

5032	2466
1	0
0	

5032	3181
1	0
0	

5032	4895
1	0
0	

5032	5216
1	0
0	

5038	1483
1	0
0	

5038	1635
2	73949
0	73949	

5038	2707
1	0
0	

5038	2890
1	0
0	

5038	5473
1	0
0	

5162	1541
1	0
0	

5162	2466
1	0
0	

5162	4895
1	0
0	

5216	430
1	0
0	

5216	1541
1	0
0	

5216	2466
1	0
0	

5216	3181
1	164957
164957	

5216	3777
1	0
0	

5216	4799
1	0
0	

5216	4895
1	0
0	

5216	5162
1	0
0	

5283	690
1	0
0	

5283	1419
1	0
0	

5283	1687
1	0
0	

5283	1955
1	0
0	

5283	3138
1	0
0	

5283	3591
1	0
0	

5283	4672
1	0
0	

5283	4873
1	0
0	

5307	475
2	8093
0	8093	

5307	1385
1	0
0	

5307	1651
1	0
0	

5307	2524
1	0
0	

5307	2691
1	0
0	

5307	3471
1	0
0	

5307	4115
1	0
0	

5307	4224
1	0
0	

5318	1641
1	0
0	

5319	1042
1	0
0	

5319	2215
1	0
0	

5319	4424
2	0
0	0	

5319	5424
1	0
0	

5354	411
1	0
0	

5354	578
1	0
0	

5354	2230
1	0
0	

5354	2467
1	0
0	

5354	2653
1	12886
12886	

5354	4981
1	0
0	

5354	5368
1	0
0	

5354	5446
1	0
0	

5362	139
1	0
0	

5362	956
2	0
0	0	

5362	1042
1	0
0	

5362	3299
1	0
0	

5362	3662
1	0
0	

5362	4962
1	0
0	

5418	3777
1	0
0	

5418	5307
1	0
0	

5424	2215
1	0
0	

5446	4349
1	0
0	

5446	4981
1	0
0	

5473	1483
1	0
0	

5473	1635
1	0
0	

5473	2890
1	0
0	

5473	4017
1	0
0	

5473	5038
1	149677
149677	

5515	102
1	47422
47422	

5515	139
1	0
0	

5515	4165
1	0
0	

5515	5362
1	0
0	

5577	139
1	0
0	

