54	445
12	130481
0	0	0	0	0	1993	3098	7860	18159	23109	36244	40018	

54	1478
2	108946
48751	60195	

54	3600
1	3463
3463	

54	3634
4	66821
5918	15383	22329	23191	

54	4914
11	756668
0	2642	14063	25686	49367	66709	75836	76830	91216	166920	187399	

54	4925
8	164661
12366	15080	18988	19102	21569	23114	26946	27496	

54	5180
8	427644
1897	3850	4654	5232	66052	105083	110198	130678	

3634	445
2	14989
0	14989	

3634	1478
2	87967
6953	81014	

3634	3600
1	9866
9866	

3634	4074
1	9810
9810	

3634	4914
2	124947
35244	89703	

3634	4925
7	72596
2406	3242	3453	6230	9201	16216	31848	

3634	5180
6	136523
5636	6644	8777	9295	35351	70820	

4933	445
1	29119
29119	

4933	1478
1	26612
26612	

4933	3634
1	20677
20677	

4933	4914
3	165303
44775	52359	68169	

4933	4925
1	21690
21690	

4933	5180
1	5899
5899	

5166	445
2	0
0	0	

5166	1478
1	47139
47139	

5166	3634
3	36815
0	15562	21253	

5166	4914
3	199681
33537	77009	89135	

5166	4925
3	74020
17697	23418	32905	

5166	5180
2	108301
4014	104287	

5209	445
3	0
0	0	0	

5209	1478
1	24237
24237	

5209	3600
2	19269
2190	17079	

5209	3634
4	94407
0	9952	17008	67447	

5209	4074
1	91723
91723	

5209	4914
7	586989
7407	33408	57578	70867	76018	133555	208156	

5209	4925
4	84046
3135	14856	29920	36135	

5209	5180
1	50949
50949	

5257	445
1	0
0	

5257	4914
2	80995
36710	44285	

5257	4925
1	33376
33376	

5257	5180
2	27655
1611	26044	

