64	800
1	32267
32267	

64	2744
1	15671
15671	

64	2774
1	0
0	

64	5332
1	22731
22731	

800	64
6	139582
13363	16333	18657	21012	31192	39025	

800	802
16	521383
11673	16303	17282	20395	21723	23661	25595	27188	28734	28980	33033	35332	46878	57997	58177	68432	

800	1104
1	20209
20209	

800	1890
8	300748
0	12819	13323	13744	16031	21065	104153	119613	

800	2163
7	142148
0	8880	9632	10429	15428	20860	76919	

800	2285
19	351539
0	10183	14202	14545	14942	15215	16746	17004	17554	17831	17846	18063	19561	22994	23693	26473	26729	27627	30331	

800	2288
1	26856
26856	

800	2333
2	0
0	0	

800	2568
9	172683
1546	11004	12937	15350	20003	20989	24220	24838	41796	

800	2744
2	26277
12065	14212	

800	2774
5	91908
0	0	16769	18141	56998	

800	3073
1	13951
13951	

800	3473
5	126788
13917	16738	17498	19111	59524	

800	3875
1	0
0	

800	3924
3	69006
0	23971	45035	

800	4118
7	196021
16177	20411	21321	24844	29649	32947	50672	

800	4443
13	270201
0	2637	12571	13429	13718	16950	18438	22652	22729	25002	31487	31755	58833	

800	4445
2	162482
33826	128656	

800	4630
9	308086
3207	10244	15149	15387	17210	30488	30627	31481	154293	

800	4886
9	118566
0	2616	2911	15252	15581	17964	18019	18558	27665	

800	5205
8	90754
0	4122	6292	6328	7400	12833	15706	38073	

800	5332
3	133716
38386	47067	48263	

800	5587
3	95140
17134	23869	54137	

802	64
2	55693
0	55693	

802	1104
5	155780
16692	18683	22259	47325	50821	

802	1272
3	105313
25096	29356	50861	

802	2288
1	26951
26951	

802	2744
2	33440
6934	26506	

802	2774
2	64390
28670	35720	

802	3073
3	76830
12362	23869	40599	

802	3473
1	24674
24674	

802	4118
3	36783
0	17942	18841	

802	4443
1	13670
13670	

802	4630
1	15075
15075	

802	5332
2	48238
11874	36364	

1890	800
1	55307
55307	

1890	802
1	11990
11990	

1890	2568
2	42279
19996	22283	

1890	4118
1	19841
19841	

2163	800
2	24417
0	24417	

2163	802
1	6275
6275	

2163	5587
1	41525
41525	

2285	800
5	107537
0	0	29357	33119	45061	

2285	802
1	30482
30482	

2285	1890
1	0
0	

2285	2163
2	24060
11365	12695	

2285	2333
1	0
0	

2285	2568
3	54187
13795	18353	22039	

2285	2774
2	21075
0	21075	

2285	3924
1	26084
26084	

2285	4118
1	28867
28867	

2285	4445
1	16560
16560	

2288	800
2	39774
0	39774	

2288	802
1	126624
126624	

2288	2568
1	13922
13922	

2288	4443
1	22068
22068	

2333	64
1	0
0	

2333	1272
1	61410
61410	

2333	2867
1	35359
35359	

2744	64
1	0
0	

2744	2774
1	72461
72461	

2744	3473
1	20824
20824	

2744	4443
1	15722
15722	

2774	2744
1	39228
39228	

3073	64
1	21127
21127	

3073	2288
1	31879
31879	

3073	2774
2	0
0	0	

3924	1104
1	32810
32810	

3924	1272
1	32765
32765	

3924	2774
1	34717
34717	

3924	3875
1	0
0	

3924	5205
1	55573
55573	

4118	3073
1	18604
18604	

4443	1104
1	21842
21842	

4443	2867
1	8866
8866	

4443	5332
2	80090
35168	44922	

4445	2867
3	193226
14519	23580	155127	

4630	802
1	12668
12668	

4630	1104
1	18682
18682	

4630	1272
1	31302
31302	

4630	2163
1	19056
19056	

4630	2867
3	119630
14373	22650	82607	

4630	3073
1	36109
36109	

4630	3473
1	10973
10973	

4886	800
1	0
0	

4886	2744
1	12534
12534	

4886	2867
2	78072
16751	61321	

4886	3473
1	57000
57000	

5205	1272
1	18398
18398	

5205	2774
2	20579
2917	17662	

5205	2867
1	21601
21601	

5205	3473
2	11328
0	11328	

5205	4118
1	0
0	

5332	800
3	73978
0	32995	40983	

5332	802
1	35622
35622	

5332	1272
1	40003
40003	

5332	3073
1	7420
7420	

5332	4443
1	12220
12220	

5587	1272
1	36452
36452	

5587	2867
2	43498
15107	28391	

5587	3073
1	0
0	

5587	4443
1	29409
29409	

