203	1554
1	20646
20646	

203	4122
1	56823
56823	

203	5034
1	0
0	

1554	203
2	100490
42230	58260	

1554	1946
1	2033
2033	

1554	2617
1	172004
172004	

1554	4122
1	0
0	

1554	4745
1	0
0	

1554	5034
1	88431
88431	

1554	5630
1	85471
85471	

1554	5632
4	46324
2450	4371	17085	22418	

1946	203
2	429529
31200	398329	

1946	1554
7	2396013
0	0	11664	14195	180169	221868	1968117	

1946	2617
1	0
0	

1946	4122
2	239593
10988	228605	

1946	4745
2	95304
0	95304	

1946	5034
2	0
0	0	

1946	5632
2	232358
30566	201792	

4122	5630
1	58175
58175	

4745	1554
1	0
0	

4745	2617
3	61428
2342	7384	51702	

4745	5034
1	5836
5836	

4745	5632
3	22208
0	10501	11707	

5034	203
1	0
0	

5034	4122
1	122557
122557	

5034	5630
2	0
0	0	

5630	2617
1	1808
1808	

5630	4122
2	13557
0	13557	

5632	2617
2	26322
0	26322	

5632	5630
1	16425
16425	

