68	748
2	82624
22047	60577	

68	2676
1	14512
14512	

68	2823
1	0
0	

68	3371
1	0
0	

68	4941
2	171974
62452	109522	

68	5239
1	13453
13453	

2676	68
2	27975
0	27975	

2676	748
5	305866
51484	53495	59066	61004	80817	

2676	2823
2	114161
0	114161	

2676	3371
4	417540
24774	112614	114965	165187	

2676	4559
1	28095
28095	

2676	4941
2	205750
92898	112852	

2676	5239
3	53504
12558	13375	27571	

2676	5317
2	14709
4260	10449	

2676	5402
2	62779
20099	42680	

2676	5760
3	65235
14358	24538	26339	

2823	2676
3	72112
17156	26303	28653	

2823	5760
1	23215
23215	

4109	748
1	11052
11052	

4109	2676
1	48460
48460	

4109	3371
1	35356
35356	

4109	4941
2	104693
18261	86432	

4109	5402
1	40531
40531	

4109	5760
2	54621
19329	35292	

4559	68
1	0
0	

4559	3371
2	201357
26257	175100	

4559	4941
2	1234780
258419	976361	

4559	5239
1	27338
27338	

4941	68
2	241190
90490	150700	

4941	748
3	220508
65843	67278	87387	

4941	2676
4	80527
12264	14582	24057	29624	

4941	2823
1	24161
24161	

4941	3371
2	171814
45519	126295	

4941	5239
1	10791
10791	

4941	5317
1	32298
32298	

4941	5760
2	23231
11496	11735	

5239	748
1	8004
8004	

5239	5402
1	17162
17162	

5239	5760
1	12539
12539	

5317	2676
1	14804
14804	

5317	2823
1	0
0	

5317	3371
2	193768
72536	121232	

5402	748
2	26119
12733	13386	

5402	2676
3	87698
20125	30696	36877	

5402	2823
1	0
0	

5402	3371
3	299353
87349	91338	120666	

5402	4559
1	60809
60809	

5402	5760
2	98143
12181	85962	

