9	4292
1	155424
155424	

9	4431
1	0
0	

21	151
1	0
0	

21	643
1	0
0	

41	2882
4	5840
0	0	0	5840	

41	2989
1	0
0	

41	3961
1	0
0	

41	4135
1	0
0	

41	4261
1	0
0	

41	4480
1	0
0	

41	4856
1	0
0	

41	4868
1	0
0	

81	3364
1	95308
95308	

81	5366
1	8057
8057	

109	253
2	0
0	0	

109	1514
1	0
0	

109	4496
2	0
0	0	

109	5511
3	0
0	0	0	

109	5766
1	0
0	

127	1411
1	0
0	

151	719
1	0
0	

151	3768
1	0
0	

151	3984
1	0
0	

162	527
1	0
0	

162	727
1	0
0	

162	741
1	0
0	

162	835
1	0
0	

162	1215
2	0
0	0	

162	2191
1	0
0	

162	2499
1	0
0	

162	2912
1	0
0	

162	2932
1	174744
174744	

162	3570
1	0
0	

162	3820
4	0
0	0	0	0	

162	4431
1	0
0	

162	4642
1	0
0	

162	4877
1	0
0	

162	5674
1	0
0	

162	5739
2	0
0	0	

169	581
1	0
0	

169	3167
1	0
0	

169	4633
1	0
0	

174	2564
1	0
0	

174	3034
1	0
0	

182	2380
2	166240
43670	122570	

182	3190
1	0
0	

182	5061
1	0
0	

194	3283
1	0
0	

194	3984
1	0
0	

195	1907
1	260483
260483	

195	3361
1	0
0	

204	783
1	0
0	

204	957
1	0
0	

204	1984
1	0
0	

204	3276
1	0
0	

204	4756
1	0
0	

215	566
1	196211
196211	

215	2866
1	139624
139624	

215	3276
1	0
0	

215	4013
1	0
0	

230	436
2	0
0	0	

230	2912
1	0
0	

230	4616
1	0
0	

230	4845
1	5380
5380	

253	2526
1	0
0	

271	4999
1	0
0	

288	5471
1	0
0	

288	5516
1	25546
25546	

325	727
1	0
0	

325	1176
3	0
0	0	0	

325	1381
1	0
0	

325	1570
3	0
0	0	0	

325	1602
1	0
0	

325	1709
1	0
0	

325	1775
1	0
0	

325	1928
1	0
0	

325	1958
1	0
0	

325	1970
1	82570
82570	

325	2039
1	69214
69214	

325	2771
1	0
0	

325	2778
1	52237
52237	

325	2779
1	0
0	

325	2869
1	110078
110078	

325	3134
2	0
0	0	

325	3283
1	0
0	

325	3410
1	0
0	

325	3528
1	55241
55241	

325	3790
1	0
0	

325	4480
1	0
0	

325	4666
3	11067
0	0	11067	

325	4671
1	0
0	

325	4695
1	108214
108214	

325	4706
2	13252
0	13252	

325	4831
1	0
0	

325	4959
1	0
0	

325	5331
3	62487
0	0	62487	

325	5421
1	64007
64007	

325	5447
1	0
0	

325	5638
2	86592
0	86592	

360	81
2	0
0	0	

360	769
1	0
0	

360	2789
1	19562
19562	

360	3364
2	0
0	0	

360	3641
1	0
0	

360	4693
4	47819
0	0	14597	33222	

360	5366
2	16867
0	16867	

375	524
1	0
0	

375	1709
2	0
0	0	

375	2259
1	12139
12139	

375	4037
1	0
0	

387	9
1	43996
43996	

387	174
1	0
0	

387	182
1	0
0	

387	271
1	0
0	

387	422
1	0
0	

387	493
2	0
0	0	

387	581
2	0
0	0	

387	625
1	0
0	

387	626
2	80753
0	80753	

387	721
1	0
0	

387	741
1	0
0	

387	835
2	0
0	0	

387	851
1	0
0	

387	948
2	113683
0	113683	

387	1017
1	0
0	

387	1021
1	0
0	

387	1089
1	0
0	

387	1252
1	36488
36488	

387	1266
1	0
0	

387	1348
1	0
0	

387	1372
2	143181
37255	105926	

387	1439
2	67432
0	67432	

387	1570
1	109063
109063	

387	1720
1	0
0	

387	1775
1	0
0	

387	1878
1	0
0	

387	1928
1	0
0	

387	2036
1	0
0	

387	2071
1	0
0	

387	2106
1	0
0	

387	2149
5	19406
0	0	0	9165	10241	

387	2160
1	54813
54813	

387	2293
3	71257
14667	23128	33462	

387	2308
1	0
0	

387	2352
1	0
0	

387	2355
1	0
0	

387	2380
2	0
0	0	

387	2448
2	0
0	0	

387	2464
1	0
0	

387	2537
2	0
0	0	

387	2577
2	42021
0	42021	

387	2675
3	250382
0	0	250382	

387	2735
1	65041
65041	

387	2784
1	0
0	

387	2824
1	0
0	

387	2869
1	83544
83544	

387	2954
2	0
0	0	

387	3034
1	0
0	

387	3040
1	0
0	

387	3079
1	0
0	

387	3159
2	195619
0	195619	

387	3165
1	0
0	

387	3167
1	0
0	

387	3233
1	0
0	

387	3237
1	0
0	

387	3324
2	0
0	0	

387	3570
2	261870
0	261870	

387	3636
1	0
0	

387	3749
1	183708
183708	

387	3820
1	0
0	

387	3850
1	0
0	

387	3930
1	113791
113791	

387	3996
1	0
0	

387	4071
2	0
0	0	

387	4148
2	0
0	0	

387	4155
1	0
0	

387	4300
1	0
0	

387	4404
2	43637
13579	30058	

387	4407
1	0
0	

387	4431
2	0
0	0	

387	4556
2	25856
0	25856	

387	4584
3	16886
0	8414	8472	

387	4616
2	0
0	0	

387	4671
1	0
0	

387	4786
3	153820
0	0	153820	

387	4854
1	0
0	

387	4877
1	0
0	

387	4907
1	0
0	

387	4951
1	0
0	

387	4959
1	0
0	

387	4977
4	0
0	0	0	0	

387	5006
5	274674
0	0	0	6277	268397	

387	5061
2	0
0	0	

387	5152
1	33520
33520	

387	5471
2	17507
0	17507	

387	5505
1	16424
16424	

387	5537
2	0
0	0	

387	5656
1	0
0	

387	5672
1	0
0	

387	5674
2	0
0	0	

387	5739
1	0
0	

387	5747
1	0
0	

387	5775
1	0
0	

414	41
1	0
0	

414	325
1	0
0	

414	387
1	137870
137870	

414	478
1	160819
160819	

414	493
1	0
0	

414	581
1	0
0	

414	626
1	0
0	

414	741
1	0
0	

414	760
1	0
0	

414	763
1	0
0	

414	783
2	300599
38702	261897	

414	851
1	0
0	

414	893
1	0
0	

414	1143
1	199947
199947	

414	1150
1	88711
88711	

414	1361
1	0
0	

414	1381
1	0
0	

414	1492
1	177334
177334	

414	1543
1	0
0	

414	1561
1	0
0	

414	1602
1	96154
96154	

414	1709
2	122441
0	122441	

414	1928
1	0
0	

414	2191
1	0
0	

414	2259
1	13712
13712	

414	2468
1	9353
9353	

414	2503
1	112037
112037	

414	2592
1	0
0	

414	2757
1	0
0	

414	2778
1	0
0	

414	3165
2	177942
0	177942	

414	3167
1	3163
3163	

414	3268
1	182645
182645	

414	3354
2	136145
53539	82606	

414	3850
1	0
0	

414	3948
1	0
0	

414	4049
1	0
0	

414	4142
1	0
0	

414	4148
2	16945
0	16945	

414	4155
1	124119
124119	

414	4234
1	142655
142655	

414	4306
1	0
0	

414	4480
1	129423
129423	

414	4506
1	0
0	

414	4556
1	0
0	

414	4666
2	204150
0	204150	

414	4676
2	8655
0	8655	

414	4750
1	0
0	

414	4961
1	20326
20326	

414	4977
1	0
0	

414	4999
1	0
0	

414	5090
1	199308
199308	

414	5255
2	18716
0	18716	

414	5537
1	0
0	

414	5597
1	113044
113044	

414	5606
1	0
0	

414	5758
1	81912
81912	

414	5775
1	55311
55311	

422	1370
1	0
0	

422	1570
1	0
0	

422	2071
1	0
0	

422	2180
1	111935
111935	

422	2830
1	0
0	

422	3162
1	0
0	

422	3232
1	0
0	

422	3768
1	87530
87530	

422	3813
1	0
0	

422	4049
1	0
0	

422	4210
1	0
0	

422	4219
1	0
0	

422	4977
1	136708
136708	

422	5153
1	0
0	

422	5647
1	0
0	

424	109
1	0
0	

424	204
1	0
0	

424	215
2	0
0	0	

424	566
2	19240
0	19240	

424	582
1	0
0	

424	651
1	0
0	

424	783
1	0
0	

424	1073
2	196281
72370	123911	

424	1548
2	41450
0	41450	

424	1592
1	0
0	

424	1984
2	12784226
126177	12658049	

424	3276
1	0
0	

424	3308
1	0
0	

424	3358
1	0
0	

424	3361
1	0
0	

424	3495
4	314554
0	0	0	314554	

424	3816
3	75093
0	0	75093	

424	3976
2	104810
0	104810	

424	4556
1	0
0	

424	4567
1	169931
169931	

424	4756
2	41702
0	41702	

424	4867
4	22128
0	0	6454	15674	

424	4935
1	0
0	

429	151
1	0
0	

429	520
1	0
0	

429	2071
3	131950
0	0	131950	

429	2778
1	4877
4877	

429	2911
2	9709
0	9709	

436	763
2	2361
0	2361	

436	4142
1	0
0	

455	2057
1	0
0	

455	3358
1	0
0	

455	4246
4	48308
0	0	0	48308	

473	127
1	0
0	

473	2989
2	0
0	0	

473	3364
1	0
0	

473	4261
2	0
0	0	

473	4300
1	0
0	

473	4856
2	0
0	0	

473	4868
2	0
0	0	

473	5593
2	39407
0	39407	

478	1029
1	0
0	

478	3268
1	0
0	

478	3664
1	28041
28041	

478	5775
1	82456
82456	

489	650
2	0
0	0	

489	1140
3	42160
0	14145	28015	

489	2592
2	0
0	0	

493	325
1	0
0	

493	414
1	0
0	

493	581
1	97993
97993	

493	835
1	68792
68792	

493	1031
1	0
0	

493	1150
1	199264
199264	

493	1176
1	23110
23110	

493	1539
3	170521
0	0	170521	

493	1561
1	0
0	

493	1742
1	0
0	

493	1754
2	149698
0	149698	

493	1878
1	0
0	

493	1928
1	5620
5620	

493	2160
1	70708
70708	

493	2184
1	0
0	

493	2735
1	159765
159765	

493	2757
1	24800
24800	

493	2819
2	84725
0	84725	

493	2954
1	0
0	

493	3043
1	0
0	

493	3134
1	0
0	

493	3233
2	12107
0	12107	

493	3237
1	0
0	

493	3361
2	233862
0	233862	

493	3595
1	0
0	

493	3802
1	253606
253606	

493	3820
1	0
0	

493	3930
1	19222
19222	

493	4300
1	0
0	

493	4346
1	7750
7750	

493	4496
1	0
0	

493	4506
3	123970
0	38092	85878	

493	4666
1	0
0	

493	4706
1	0
0	

493	4806
1	0
0	

493	4961
1	0
0	

493	5638
1	51043
51043	

493	5739
1	0
0	

503	387
1	0
0	

503	546
1	0
0	

503	893
1	0
0	

503	1021
1	0
0	

503	1518
1	24602
24602	

503	1592
1	0
0	

503	2293
1	51724
51724	

503	2308
1	0
0	

503	2526
1	0
0	

503	2577
1	0
0	

503	2778
1	0
0	

503	2934
2	0
0	0	

503	3134
1	168158
168158	

503	3237
2	0
0	0	

503	4148
2	0
0	0	

503	4666
1	0
0	

503	4706
2	0
0	0	

503	4973
2	0
0	0	

503	5004
1	0
0	

503	5511
1	0
0	

503	5537
1	0
0	

509	473
1	0
0	

509	3233
1	0
0	

509	4261
1	0
0	

509	4868
1	0
0	

520	429
1	0
0	

524	478
1	96686
96686	

524	643
1	0
0	

524	1058
1	89703
89703	

524	1266
1	0
0	

524	1381
1	0
0	

524	1928
2	0
0	0	

524	2152
1	21661
21661	

524	2259
1	0
0	

524	2629
1	0
0	

524	3165
1	107561
107561	

524	3232
1	0
0	

524	3894
1	108764
108764	

524	4049
1	0
0	

524	4920
2	0
0	0	

524	5716
1	0
0	

532	4562
1	44058
44058	

546	1514
2	0
0	0	

546	2503
1	0
0	

546	3222
1	73782
73782	

546	3300
1	42894
42894	

566	582
3	81387
0	0	81387	

566	1073
1	0
0	

566	1548
1	0
0	

566	2866
1	0
0	

566	3816
1	0
0	

566	4867
2	0
0	0	

581	169
1	0
0	

581	493
1	10985
10985	

581	532
1	0
0	

581	741
1	59906
59906	

581	965
2	0
0	0	

581	1372
1	0
0	

581	1543
1	0
0	

581	2489
1	144211
144211	

581	3167
2	25302
0	25302	

581	3930
1	48864
48864	

581	4148
1	0
0	

581	4300
2	0
0	0	

581	4506
1	0
0	

581	5596
1	0
0	

581	5597
3	25238
0	0	25238	

582	566
3	0
0	0	0	

591	1031
1	0
0	

591	3134
1	0
0	

591	5004
1	0
0	

618	3873
1	2814
2814	

618	4059
1	19651
19651	

618	5044
1	8022
8022	

625	2578
1	35254
35254	

626	182
1	0
0	

626	253
1	0
0	

626	1021
1	106488
106488	

626	1215
1	0
0	

626	1539
1	0
0	

626	1709
1	0
0	

626	2008
1	0
0	

626	2106
1	9788
9788	

626	2152
1	0
0	

626	2184
1	0
0	

626	2503
1	0
0	

626	2526
1	33819
33819	

626	2530
1	181200
181200	

626	2934
1	12756
12756	

626	2954
1	0
0	

626	3043
1	0
0	

626	3173
1	58142
58142	

626	3283
1	0
0	

626	3300
1	0
0	

626	3528
1	0
0	

626	3850
1	0
0	

626	3948
1	0
0	

626	4346
1	204522
204522	

626	4480
1	0
0	

626	4633
1	0
0	

626	4664
1	0
0	

626	4671
1	0
0	

626	4676
1	0
0	

626	4695
1	0
0	

626	4700
1	0
0	

626	4706
2	0
0	0	

626	4766
1	19984
19984	

626	5331
1	414923
414923	

626	5511
1	15977
15977	

626	5537
1	0
0	

626	5747
1	0
0	

626	5775
1	0
0	

631	473
1	22215
22215	

631	509
1	0
0	

631	769
1	187687
187687	

631	2989
1	0
0	

631	3364
2	70974
0	70974	

631	3812
1	0
0	

643	21
1	0
0	

643	4033
1	0
0	

650	489
3	0
0	0	0	

650	2954
1	0
0	

650	3790
1	0
0	

651	672
3	100109
0	0	100109	

651	3134
1	0
0	

651	5255
2	0
0	0	

691	618
1	0
0	

701	524
1	29310
29310	

701	845
1	0
0	

701	1029
1	0
0	

701	1370
2	0
0	0	

701	2075
1	0
0	

701	2850
1	0
0	

701	3043
1	0
0	

701	3165
4	14414
0	0	0	14414	

701	3894
1	0
0	

701	4911
1	0
0	

701	4959
1	0
0	

701	5415
1	0
0	

701	5435
1	62816
62816	

719	3364
1	0
0	

719	3768
1	38349
38349	

721	5471
2	71790
0	71790	

727	162
1	0
0	

727	1543
1	0
0	

727	2355
2	0
0	0	

727	4877
1	0
0	

741	387
1	0
0	

741	493
1	0
0	

741	581
2	22116
0	22116	

741	835
2	0
0	0	

741	1021
1	0
0	

741	1143
2	0
0	0	

741	1907
1	0
0	

741	2036
1	0
0	

741	2675
1	0
0	

741	2810
1	0
0	

741	3020
1	0
0	

741	3079
1	0
0	

741	3134
1	0
0	

741	3159
3	0
0	0	0	

741	3283
1	0
0	

741	3285
1	0
0	

741	3324
1	0
0	

741	3702
3	147058
0	59809	87249	

741	3930
1	139126
139126	

741	4300
1	0
0	

741	4306
1	0
0	

741	4480
1	0
0	

741	4671
1	0
0	

741	4845
1	0
0	

741	4850
1	0
0	

741	4853
1	0
0	

741	4907
1	0
0	

741	4977
1	0
0	

741	5042
1	0
0	

741	5208
1	0
0	

741	5363
1	0
0	

741	5505
1	0
0	

741	5687
1	0
0	

741	5775
1	0
0	

760	169
1	0
0	

760	288
1	71626
71626	

760	532
1	0
0	

760	741
1	100460
100460	

760	965
1	0
0	

760	1266
1	0
0	

760	1348
1	0
0	

760	1372
1	0
0	

760	1381
1	0
0	

760	1492
2	0
0	0	

760	1543
1	0
0	

760	1561
1	0
0	

760	1775
1	0
0	

760	1938
1	0
0	

760	2071
1	0
0	

760	2355
1	0
0	

760	2489
4	99252
0	0	0	99252	

760	2810
1	0
0	

760	3040
1	0
0	

760	3043
1	0
0	

760	3167
1	0
0	

760	3292
1	18424
18424	

760	3419
2	209624
0	209624	

760	3948
1	0
0	

760	4103
1	0
0	

760	4431
2	0
0	0	

760	4506
1	0
0	

760	4642
1	0
0	

760	4671
1	0
0	

760	4714
1	132721
132721	

760	4769
1	85895
85895	

760	4850
1	0
0	

760	4961
1	0
0	

760	5021
1	0
0	

760	5082
1	0
0	

760	5409
1	0
0	

760	5471
1	0
0	

760	5505
1	0
0	

760	5775
1	0
0	

763	2123
1	148818
148818	

763	2489
1	0
0	

763	2537
2	0
0	0	

768	643
1	0
0	

768	2567
1	32521
32521	

769	360
1	0
0	

769	2789
5	316744
0	0	0	19704	297040	

769	3364
1	0
0	

769	4693
4	114585
0	0	10900	103685	

783	204
1	0
0	

783	455
3	0
0	0	0	

783	582
1	0
0	

783	3358
4	0
0	0	0	0	

783	4246
2	183796
0	183796	

783	4623
1	0
0	

783	4935
1	0
0	

835	162
1	0
0	

835	387
1	0
0	

835	436
2	0
0	0	

835	741
3	41862
0	0	41862	

835	760
1	46658
46658	

835	948
3	0
0	0	0	

835	1143
1	0
0	

835	2537
1	118563
118563	

835	5061
1	0
0	

835	5674
2	0
0	0	

845	701
1	0
0	

845	1370
2	0
0	0	

845	3165
1	0
0	

845	3232
1	0
0	

845	4911
1	0
0	

851	387
1	0
0	

851	436
1	0
0	

851	503
1	0
0	

851	763
1	0
0	

851	931
2	45954
0	45954	

851	1150
1	0
0	

851	1348
1	0
0	

851	1630
3	242416
0	37706	204710	

851	1944
1	0
0	

851	2008
1	45931
45931	

851	2191
1	0
0	

851	2293
1	74962
74962	

851	3850
1	0
0	

851	4041
1	0
0	

851	4142
1	0
0	

851	4676
1	0
0	

851	4706
1	0
0	

851	5082
1	0
0	

851	5537
1	16632
16632	

856	5
1	23826
23826	

856	387
1	0
0	

856	1928
1	0
0	

856	2106
1	0
0	

856	2869
1	0
0	

856	3162
1	0
0	

856	3237
1	0
0	

856	3354
1	0
0	

856	4616
1	0
0	

856	4633
1	0
0	

856	4671
1	0
0	

856	4961
1	0
0	

856	5134
1	0
0	

856	5152
1	0
0	

893	195
1	26528
26528	

893	325
1	0
0	

893	387
2	0
0	0	

893	414
1	0
0	

893	422
1	0
0	

893	524
1	0
0	

893	727
1	0
0	

893	964
1	333748
333748	

893	1014
1	80035
80035	

893	1021
1	146726
146726	

893	1266
1	0
0	

893	1351
1	101110
101110	

893	1370
1	0
0	

893	2008
1	0
0	

893	2106
1	16438
16438	

893	2141
1	0
0	

893	2448
2	0
0	0	

893	2530
1	0
0	

893	2779
1	0
0	

893	3165
1	0
0	

893	3232
1	0
0	

893	3256
1	47196
47196	

893	3324
1	153132
153132	

893	3641
1	0
0	

893	3678
1	0
0	

893	3930
1	0
0	

893	3962
1	0
0	

893	4219
1	0
0	

893	4375
9	4405145
0	0	7543	29436	60662	208113	1196657	1248413	1654321	

893	4556
1	0
0	

893	4706
2	0
0	0	

893	4831
1	0
0	

893	4911
1	0
0	

893	5006
1	0
0	

893	5255
1	0
0	

893	5412
1	0
0	

893	5766
1	27253
27253	

931	851
1	0
0	

931	965
1	3678
3678	

931	3020
1	9413
9413	

931	3040
1	0
0	

931	3758
1	0
0	

931	3962
2	0
0	0	

931	4633
1	0
0	

931	5082
1	0
0	

936	2075
1	128053
128053	

941	1779
1	0
0	

941	3232
1	0
0	

948	3969
1	0
0	

948	5674
3	0
0	0	0	

957	195
2	36466
0	36466	

957	424
1	0
0	

957	625
1	0
0	

957	2184
1	0
0	

957	3358
1	0
0	

957	3812
1	0
0	

957	4068
2	283005
0	283005	

957	5617
1	0
0	

957	5687
1	0
0	

964	727
1	0
0	

964	1543
1	0
0	

964	1720
1	0
0	

964	2810
1	0
0	

964	3285
1	0
0	

964	3948
1	0
0	

964	4407
2	138999
0	138999	

964	4506
1	0
0	

964	4877
1	0
0	

965	581
1	0
0	

965	851
1	13193
13193	

965	931
1	0
0	

965	2149
2	11262
0	11262	

965	3040
1	0
0	

965	3758
2	0
0	0	

965	3962
1	0
0	

965	4041
1	0
0	

965	4710
1	2436
2436	

965	4854
1	0
0	

965	5082
1	0
0	

988	1602
1	0
0	

988	3173
1	0
0	

988	3595
1	0
0	

988	4884
1	0
0	

992	1944
2	0
0	0	

992	2448
1	0
0	

992	3361
1	108000
108000	

1017	182
1	0
0	

1017	325
1	0
0	

1017	741
1	10803
10803	

1017	760
1	0
0	

1017	1348
1	0
0	

1017	1720
1	0
0	

1017	2675
1	0
0	

1017	2778
1	0
0	

1017	2810
1	0
0	

1017	3108
1	0
0	

1017	3190
1	0
0	

1017	3930
1	10304
10304	

1017	4071
3	0
0	0	0	

1017	4219
1	0
0	

1017	5256
1	0
0	

1017	5363
1	0
0	

1021	436
1	0
0	

1021	493
1	0
0	

1021	835
1	0
0	

1021	1334
1	0
0	

1021	1492
2	0
0	0	

1021	1630
1	0
0	

1021	1720
1	0
0	

1021	2144
1	0
0	

1021	2537
1	0
0	

1021	3324
1	0
0	

1021	3702
1	0
0	

1021	4404
1	0
0	

1021	4854
3	0
0	0	0	

1021	5674
1	0
0	

1029	936
1	0
0	

1029	5256
1	0
0	

1031	5
2	104317
0	104317	

1031	325
2	68608
0	68608	

1031	493
2	124433
10358	114075	

1031	524
1	0
0	

1031	565
2	260180
67715	192465	

1031	626
1	0
0	

1031	650
1	0
0	

1031	719
2	26182
0	26182	

1031	768
1	0
0	

1031	936
5	167902
0	0	31883	58590	77429	

1031	941
1	0
0	

1031	957
1	0
0	

1031	1009
1	0
0	

1031	1029
1	0
0	

1031	1240
1	0
0	

1031	1266
1	0
0	

1031	1334
1	0
0	

1031	1361
1	129984
129984	

1031	1370
2	0
0	0	

1031	1381
1	0
0	

1031	1494
1	0
0	

1031	1534
1	75907
75907	

1031	1570
2	0
0	0	

1031	1602
1	0
0	

1031	1709
1	112465
112465	

1031	1720
1	204385
204385	

1031	1779
1	0
0	

1031	1878
1	0
0	

1031	1928
1	0
0	

1031	2071
3	100568
0	0	100568	

1031	2075
1	0
0	

1031	2564
1	86726
86726	

1031	2567
1	209791
209791	

1031	2629
2	0
0	0	

1031	2778
2	0
0	0	

1031	2784
1	200290
200290	

1031	2810
1	88800
88800	

1031	2824
1	0
0	

1031	2850
4	192471
0	17292	60516	114663	

1031	2911
1	0
0	

1031	2912
1	0
0	

1031	2932
2	700039
159742	540297	

1031	3062
1	0
0	

1031	3108
2	0
0	0	

1031	3134
1	0
0	

1031	3165
1	0
0	

1031	3268
2	0
0	0	

1031	3354
3	156329
0	70324	86005	

1031	3410
1	0
0	

1031	3820
1	0
0	

1031	3894
2	128051
14024	114027	

1031	4049
2	36579
0	36579	

1031	4254
1	0
0	

1031	4300
2	84531
0	84531	

1031	4584
1	15185
15185	

1031	4750
2	2943
0	2943	

1031	4845
1	32055
32055	

1031	4884
1	0
0	

1031	4893
2	203155
98941	104214	

1031	4911
1	0
0	

1031	4951
1	0
0	

1031	4959
1	0
0	

1031	4961
1	0
0	

1031	5004
1	0
0	

1031	5156
1	119715
119715	

1031	5256
5	303694
0	0	8324	134571	160799	

1031	5280
1	0
0	

1031	5415
3	0
0	0	0	

1031	5421
1	125308
125308	

1031	5435
1	123365
123365	

1031	5447
1	2451
2451	

1031	5537
2	0
0	0	

1031	5574
1	0
0	

1031	5596
1	0
0	

1031	5603
2	564495
255717	308778	

1031	5656
1	0
0	

1031	5771
1	87678
87678	

1058	524
1	0
0	

1058	1176
1	0
0	

1058	2259
1	0
0	

1073	3276
1	0
0	

1089	503
1	0
0	

1089	591
1	0
0	

1089	835
1	0
0	

1089	1017
2	0
0	0	

1089	1073
1	0
0	

1089	1284
1	0
0	

1089	1439
1	70428
70428	

1089	2008
2	0
0	0	

1089	2842
1	0
0	

1089	2977
1	0
0	

1089	3222
1	0
0	

1089	3233
2	0
0	0	

1089	4155
1	0
0	

1089	4300
1	0
0	

1089	4506
1	0
0	

1089	4616
2	0
0	0	

1089	4973
2	0
0	0	

1089	5021
1	0
0	

1092	162
1	0
0	

1092	1215
1	0
0	

1092	1348
1	0
0	

1092	2036
1	124283
124283	

1092	2280
1	0
0	

1092	2355
2	0
0	0	

1092	3820
1	0
0	

1092	4877
1	0
0	

1140	489
2	0
0	0	

1140	650
2	6478
0	6478	

1140	2592
2	0
0	0	

1143	741
1	0
0	

1143	835
1	0
0	

1143	948
1	0
0	

1143	964
1	45692
45692	

1143	1439
1	179353
179353	

1143	2136
1	61716
61716	

1143	2331
1	34730
34730	

1143	2352
1	0
0	

1143	2380
1	0
0	

1143	2977
1	37089
37089	

1143	3324
1	0
0	

1143	4907
1	0
0	

1143	4961
1	0
0	

1143	5006
3	276853
0	7690	269163	

1143	5671
1	14441
14441	

1150	9
1	84115
84115	

1150	81
1	0
0	

1150	195
1	74384
74384	

1150	360
3	26953
0	0	26953	

1150	414
1	0
0	

1150	424
1	0
0	

1150	493
1	0
0	

1150	503
1	0
0	

1150	626
1	0
0	

1150	721
1	39058
39058	

1150	1073
1	0
0	

1150	1334
1	0
0	

1150	1568
1	59200
59200	

1150	1775
1	0
0	

1150	2036
1	0
0	

1150	2184
1	0
0	

1150	2539
1	0
0	

1150	2677
2	0
0	0	

1150	2915
1	182328
182328	

1150	2934
1	0
0	

1150	2954
1	0
0	

1150	3414
1	0
0	

1150	3617
1	137581
137581	

1150	3969
2	0
0	0	

1150	3976
1	0
0	

1150	4265
1	0
0	

1150	4506
2	96883
0	96883	

1150	4616
2	110914
0	110914	

1150	4693
1	0
0	

1150	4806
2	58900
0	58900	

1150	4935
1	9675
9675	

1150	5021
1	0
0	

1150	5330
1	107772
107772	

1150	5511
1	113257
113257	

1150	5537
3	0
0	0	0	

1150	5671
2	163932
44763	119169	

1150	5716
1	77700
77700	

1152	992
1	0
0	

1152	1944
1	0
0	

1152	3361
1	0
0	

1176	325
1	0
0	

1176	503
1	0
0	

1176	546
1	0
0	

1176	1014
1	109497
109497	

1176	1031
2	71175
0	71175	

1176	2106
1	21751
21751	

1176	2152
1	0
0	

1176	2503
1	0
0	

1176	2778
1	0
0	

1176	2779
2	0
0	0	

1176	2862
1	0
0	

1176	2869
1	0
0	

1176	2901
1	14732
14732	

1176	2912
1	0
0	

1176	3300
1	0
0	

1176	3354
1	62564
62564	

1176	3802
3	317888
0	0	317888	

1176	3840
2	241105
95582	145523	

1176	4480
1	13128
13128	

1176	4695
1	82113
82113	

1176	4706
1	111091
111091	

1176	5297
1	9471
9471	

1176	5447
1	0
0	

1176	5574
1	0
0	

1176	5603
1	0
0	

1176	5658
1	71318
71318	

1183	489
1	0
0	

1183	2592
1	0
0	

1183	4695
1	0
0	

1240	524
1	0
0	

1240	1266
1	0
0	

1240	4049
1	0
0	

1240	4750
1	0
0	

1252	4259
1	81784
81784	

1252	4884
1	0
0	

1266	5
1	0
0	

1266	204
1	86837
86837	

1266	325
2	0
0	0	

1266	414
1	0
0	

1266	493
1	0
0	

1266	524
2	74462
0	74462	

1266	546
1	0
0	

1266	701
1	0
0	

1266	741
1	0
0	

1266	835
1	0
0	

1266	893
1	0
0	

1266	957
1	0
0	

1266	965
1	9197
9197	

1266	1089
1	0
0	

1266	1176
1	0
0	

1266	1361
1	115046
115046	

1266	1370
1	0
0	

1266	1381
1	22402
22402	

1266	1492
3	0
0	0	0	

1266	1518
1	105394
105394	

1266	1720
1	26460
26460	

1266	1786
2	56060
0	56060	

1266	1878
1	0
0	

1266	1907
1	0
0	

1266	1928
1	0
0	

1266	1937
1	6454
6454	

1266	2036
1	82799
82799	

1266	2141
1	0
0	

1266	2144
1	0
0	

1266	2280
1	0
0	

1266	2448
3	92082
0	18292	73790	

1266	2464
1	0
0	

1266	2503
1	0
0	

1266	2757
1	0
0	

1266	2771
1	0
0	

1266	2778
1	0
0	

1266	2810
3	280249
0	7065	273184	

1266	2911
1	0
0	

1266	3108
1	0
0	

1266	3134
1	0
0	

1266	3165
1	35526
35526	

1266	3173
2	400050
0	400050	

1266	3197
1	0
0	

1266	3283
1	21507
21507	

1266	3354
2	67490
18536	48954	

1266	3481
2	146881
0	146881	

1266	3790
1	0
0	

1266	3850
2	10059
0	10059	

1266	3930
2	68812
27867	40945	

1266	4049
2	0
0	0	

1266	4073
1	0
0	

1266	4148
2	0
0	0	

1266	4346
1	185765
185765	

1266	4506
1	0
0	

1266	4562
1	0
0	

1266	4567
1	0
0	

1266	4598
1	81388
81388	

1266	4695
2	0
0	0	

1266	4706
1	0
0	

1266	4714
1	77207
77207	

1266	4742
1	0
0	

1266	4750
2	0
0	0	

1266	4806
1	0
0	

1266	4884
1	0
0	

1266	4907
1	0
0	

1266	4973
1	0
0	

1266	5021
1	88846
88846	

1266	5042
1	0
0	

1266	5382
1	125255
125255	

1266	5447
1	17259
17259	

1266	5471
1	6608
6608	

1266	5537
1	80958
80958	

1266	5574
1	0
0	

1266	5647
1	0
0	

1266	5656
1	0
0	

1266	5687
1	0
0	

1266	5716
1	0
0	

1266	5747
1	0
0	

1266	5771
1	18351
18351	

1284	1436
1	0
0	

1284	1938
1	0
0	

1284	4103
1	0
0	

1310	2483
1	0
0	

1310	4882
1	0
0	

1310	5006
1	0
0	

1334	360
2	0
0	0	

1334	769
2	0
0	0	

1334	1928
1	0
0	

1334	2789
1	41607
41607	

1334	3364
2	13122
0	13122	

1334	3984
1	0
0	

1334	4135
1	0
0	

1334	4693
1	0
0	

1348	174
1	0
0	

1348	893
1	57307
57307	

1348	1017
1	0
0	

1348	1089
1	0
0	

1348	1092
1	0
0	

1348	1215
1	0
0	

1348	1492
1	0
0	

1348	1775
1	31041
31041	

1348	2008
1	0
0	

1348	2036
2	0
0	0	

1348	2071
1	0
0	

1348	2136
1	0
0	

1348	2184
1	0
0	

1348	2191
1	0
0	

1348	2331
3	102809
3732	4938	94139	

1348	2355
1	0
0	

1348	2675
1	0
0	

1348	2778
1	0
0	

1348	2912
1	0
0	

1348	3134
1	0
0	

1348	3159
1	0
0	

1348	3167
1	20632
20632	

1348	3237
1	0
0	

1348	3850
1	0
0	

1348	4584
1	0
0	

1348	4671
1	0
0	

1348	4750
1	0
0	

1348	4845
1	0
0	

1348	4877
1	0
0	

1348	4961
1	3618
3618	

1348	4977
1	0
0	

1348	5382
1	0
0	

1348	5471
1	0
0	

1348	5516
1	189912
189912	

1348	5671
1	0
0	

1348	5674
1	0
0	

1370	845
3	0
0	0	0	

1370	941
1	0
0	

1370	3165
3	0
0	0	0	

1370	3232
3	0
0	0	0	

1370	4911
4	75327
0	0	27742	47585	

1372	169
1	0
0	

1372	4633
2	54446
0	54446	

1381	375
1	0
0	

1381	643
2	0
0	0	

1381	988
1	0
0	

1381	1009
1	0
0	

1381	1252
3	5049
0	0	5049	

1381	1266
1	0
0	

1381	1803
1	54816
54816	

1381	1878
1	0
0	

1381	2152
1	0
0	

1381	2180
1	6828
6828	

1381	2259
1	0
0	

1381	2567
1	29797
29797	

1381	2629
1	0
0	

1381	3134
1	0
0	

1381	3283
1	0
0	

1381	3675
1	0
0	

1381	3930
1	95147
95147	

1381	4616
1	101430
101430	

1381	4806
1	0
0	

1381	4991
1	222687
222687	

1381	5004
1	0
0	

1381	5134
1	0
0	

1381	5397
1	0
0	

1411	127
1	96133
96133	

1411	473
1	0
0	

1411	1958
1	0
0	

1411	4135
1	0
0	

1436	1284
2	34134
0	34134	

1436	2380
1	28274
28274	

1436	2483
1	0
0	

1439	4584
1	0
0	

1492	835
1	0
0	

1492	1017
1	0
0	

1492	1021
1	51098
51098	

1492	1348
1	0
0	

1492	1436
1	0
0	

1492	2810
1	0
0	

1492	3159
1	137418
137418	

1492	3197
1	0
0	

1492	3240
1	0
0	

1492	4506
1	0
0	

1492	4671
1	0
0	

1492	4845
1	0
0	

1492	4853
1	0
0	

1492	4882
1	0
0	

1492	5006
1	0
0	

1492	5042
1	0
0	

1492	5596
1	0
0	

1492	5615
1	27491
27491	

1514	109
2	107676
0	107676	

1514	4496
1	0
0	

1514	5004
1	0
0	

1514	5511
1	0
0	

1534	591
1	0
0	

1534	4371
1	0
0	

1539	493
1	0
0	

1539	5537
1	0
0	

1543	1938
1	0
0	

1543	2136
1	0
0	

1543	2489
2	0
0	0	

1543	3419
1	0
0	

1548	424
1	15010
15010	

1548	566
1	0
0	

1548	582
1	0
0	

1548	1592
1	24359
24359	

1548	3812
1	81088
81088	

1548	4867
2	186993
0	186993	

1561	194
1	95324
95324	

1561	195
1	17350
17350	

1561	204
1	190245
190245	

1561	215
1	0
0	

1561	360
1	112558
112558	

1561	414
1	2264
2264	

1561	422
1	61213
61213	

1561	424
1	100675
100675	

1561	486
1	94280
94280	

1561	493
2	41034
0	41034	

1561	531
1	59879
59879	

1561	566
1	0
0	

1561	581
1	39713
39713	

1561	651
1	0
0	

1561	672
1	199578
199578	

1561	701
1	307217
307217	

1561	721
1	4635
4635	

1561	851
1	306227
306227	

1561	893
1	77854
77854	

1561	957
1	263479
263479	

1561	965
1	31493
31493	

1561	1014
1	0
0	

1561	1031
1	121147
121147	

1561	1073
2	226040
91951	134089	

1561	1176
1	79641
79641	

1561	1183
1	177269
177269	

1561	1266
3	141037
0	51025	90012	

1561	1284
1	134422
134422	

1561	1351
1	153689
153689	

1561	1372
1	4701
4701	

1561	1514
1	203478
203478	

1561	1518
1	139988
139988	

1561	1570
1	0
0	

1561	1709
1	0
0	

1561	1754
3	357863
21397	62585	273881	

1561	1878
1	19758
19758	

1561	1907
1	76769
76769	

1561	1937
1	105310
105310	

1561	1958
1	103048
103048	

1561	2123
1	32010
32010	

1561	2191
1	438225
438225	

1561	2293
1	126601
126601	

1561	2355
1	174796
174796	

1561	2539
1	114455
114455	

1561	2567
1	312589
312589	

1561	2757
1	0
0	

1561	2778
1	102155
102155	

1561	2789
1	130608
130608	

1561	2830
1	143065
143065	

1561	2954
2	85807
0	85807	

1561	3024
1	182139
182139	

1561	3034
1	190923
190923	

1561	3040
1	94106
94106	

1561	3043
4	424645
0	33996	34684	355965	

1561	3135
1	191607
191607	

1561	3167
1	187461
187461	

1561	3219
1	177760
177760	

1561	3269
1	77782
77782	

1561	3283
1	192311
192311	

1561	3292
1	36453
36453	

1561	3354
1	0
0	

1561	3361
1	0
0	

1561	3364
1	0
0	

1561	3419
1	95742
95742	

1561	3465
4	190709
32330	32734	39733	85912	

1561	3481
3	346994
94471	122171	130352	

1561	3495
1	125133
125133	

1561	3664
1	90133
90133	

1561	3675
2	154743
58693	96050	

1561	3702
1	0
0	

1561	3790
1	0
0	

1561	3802
1	58706
58706	

1561	3812
1	0
0	

1561	3850
2	127536
0	127536	

1561	3930
20	2320629
0	8453	11885	12022	25874	37901	44901	69838	70083	70309	83672	87757	93256	95788	165882	207917	239509	318857	323426	353299	

1561	3948
1	0
0	

1561	3976
1	380072
380072	

1561	4013
1	176660
176660	

1561	4033
1	220202
220202	

1561	4073
1	210169
210169	

1561	4142
1	213997
213997	

1561	4219
1	342399
342399	

1561	4246
1	6115
6115	

1561	4306
1	0
0	

1561	4506
1	75714
75714	

1561	4567
1	98711
98711	

1561	4598
1	122339
122339	

1561	4633
1	146794
146794	

1561	4676
1	0
0	

1561	4693
2	91243
0	91243	

1561	4714
1	157861
157861	

1561	4769
3	332627
59053	73085	200489	

1561	4806
2	130908
0	130908	

1561	4867
1	196901
196901	

1561	4901
1	0
0	

1561	4912
1	149950
149950	

1561	4951
1	198923
198923	

1561	4961
1	214163
214163	

1561	4973
1	0
0	

1561	4991
1	267228
267228	

1561	5006
1	4251
4251	

1561	5061
1	200749
200749	

1561	5090
1	16666
16666	

1561	5152
1	139371
139371	

1561	5255
1	0
0	

1561	5397
1	0
0	

1561	5447
1	0
0	

1561	5471
1	0
0	

1561	5537
1	0
0	

1561	5596
1	306304
306304	

1561	5617
1	22170
22170	

1561	5671
1	0
0	

1561	5687
2	108923
0	108923	

1561	5719
1	98858
98858	

1568	162
1	0
0	

1568	835
1	0
0	

1568	948
1	0
0	

1568	2448
1	0
0	

1568	2977
1	0
0	

1568	3024
1	146156
146156	

1568	4623
1	12396
12396	

1568	4706
1	12747
12747	

1568	5674
1	0
0	

1570	271
1	0
0	

1570	325
1	0
0	

1570	651
1	0
0	

1570	936
1	0
0	

1570	2039
1	132246
132246	

1570	2850
3	131236
0	40798	90438	

1570	3283
1	0
0	

1570	3850
1	0
0	

1570	3894
1	0
0	

1570	3976
1	0
0	

1570	4049
3	41204
0	0	41204	

1570	4233
2	0
0	0	

1570	4556
1	0
0	

1570	4666
3	0
0	0	0	

1570	4831
1	0
0	

1570	4901
3	49907
0	0	49907	

1570	5004
4	146431
0	0	0	146431	

1592	566
1	0
0	

1592	3495
1	0
0	

1592	4756
1	0
0	

1592	4867
1	0
0	

1602	325
1	0
0	

1602	988
1	0
0	

1602	2901
1	0
0	

1602	3595
1	0
0	

1602	5758
1	30856
30856	

1630	2191
1	0
0	

1630	3758
1	0
0	

1630	4431
1	0
0	

1630	5082
1	13165
13165	

1707	631
1	0
0	

1709	325
2	0
0	0	

1709	375
1	0
0	

1709	1176
1	0
0	

1709	1361
1	57051
57051	

1709	2259
1	0
0	

1709	2757
1	0
0	

1709	2824
1	0
0	

1709	2954
1	0
0	

1709	3043
1	0
0	

1709	3135
1	190405
190405	

1709	3283
1	0
0	

1709	3354
1	0
0	

1709	3930
2	78283
38081	40202	

1709	4082
1	71447
71447	

1709	4959
1	0
0	

1709	4961
1	35020
35020	

1709	5156
1	29752
29752	

1709	5255
2	0
0	0	

1709	5596
1	0
0	

1709	5719
2	74877
0	74877	

1720	182
2	0
0	0	

1720	230
1	0
0	

1720	493
1	0
0	

1720	531
1	0
0	

1720	893
1	19387
19387	

1720	1017
1	0
0	

1720	1021
1	0
0	

1720	1176
1	0
0	

1720	1284
1	0
0	

1720	1775
1	0
0	

1720	2144
1	0
0	

1720	2400
1	169597
169597	

1720	2779
1	0
0	

1720	3190
1	0
0	

1720	3237
1	0
0	

1720	3930
3	236417
19454	87029	129934	

1720	4103
1	0
0	

1720	4300
1	0
0	

1720	4676
1	0
0	

1720	4951
1	0
0	

1720	5421
2	0
0	0	

1720	5637
1	0
0	

1720	5747
1	0
0	

1742	455
2	0
0	0	

1742	2057
1	0
0	

1742	3361
1	0
0	

1742	4246
1	0
0	

1742	5366
1	10906
10906	

1775	493
1	0
0	

1775	626
1	0
0	

1775	721
1	0
0	

1775	1017
1	0
0	

1775	1720
1	0
0	

1775	3020
1	126555
126555	

1775	3134
1	35170
35170	

1775	3197
1	0
0	

1775	3237
1	0
0	

1775	3820
1	0
0	

1775	4300
1	0
0	

1775	4431
2	0
0	0	

1775	4664
1	0
0	

1775	4959
1	0
0	

1775	5061
2	0
0	0	

1775	5152
3	0
0	0	0	

1775	5421
1	0
0	

1775	5596
1	0
0	

1775	5615
1	70840
70840	

1779	5603
1	0
0	

1878	2184
1	528277
528277	

1878	3062
1	171194
171194	

1878	3820
2	0
0	0	

1878	4249
1	110905
110905	

1878	4300
1	0
0	

1878	4506
1	0
0	

1878	4877
3	174532
0	30324	144208	

1878	5021
1	127365
127365	

1905	174
1	0
0	

1905	1907
1	9353
9353	

1905	2692
2	580252
216507	363745	

1905	3930
1	67523
67523	

1905	4893
2	231128
49821	181307	

1905	5412
2	184955
0	184955	

1907	5
1	50337
50337	

1907	195
1	0
0	

1907	325
1	0
0	

1907	414
1	3884
3884	

1907	503
2	0
0	0	

1907	509
1	0
0	

1907	524
1	0
0	

1907	546
1	0
0	

1907	581
1	54475
54475	

1907	701
1	44012
44012	

1907	741
1	0
0	

1907	835
1	0
0	

1907	957
1	0
0	

1907	964
1	0
0	

1907	965
2	242234
117222	125012	

1907	988
2	159224
58900	100324	

1907	1017
1	0
0	

1907	1021
3	0
0	0	0	

1907	1073
1	0
0	

1907	1089
1	0
0	

1907	1143
1	0
0	

1907	1176
2	0
0	0	

1907	1252
1	0
0	

1907	1351
1	141032
141032	

1907	1370
1	0
0	

1907	1372
1	0
0	

1907	1436
1	0
0	

1907	1492
2	0
0	0	

1907	1514
1	0
0	

1907	1561
1	0
0	

1907	1720
1	17421
17421	

1907	1786
1	185877
185877	

1907	2106
1	0
0	

1907	2136
1	0
0	

1907	2141
1	0
0	

1907	2259
1	0
0	

1907	2291
1	0
0	

1907	2308
1	0
0	

1907	2448
1	0
0	

1907	2483
1	0
0	

1907	2526
1	0
0	

1907	2675
1	0
0	

1907	2977
1	0
0	

1907	3108
3	0
0	0	0	

1907	3159
1	0
0	

1907	3173
1	0
0	

1907	3222
1	0
0	

1907	3232
1	0
0	

1907	3237
1	0
0	

1907	3256
1	12521
12521	

1907	3283
1	0
0	

1907	3292
1	76719
76719	

1907	3300
1	0
0	

1907	3354
1	0
0	

1907	3361
2	46208
0	46208	

1907	3675
1	82306
82306	

1907	3790
3	0
0	0	0	

1907	3948
1	0
0	

1907	4037
1	0
0	

1907	4148
1	0
0	

1907	4254
1	0
0	

1907	4265
1	8069
8069	

1907	4266
1	0
0	

1907	4371
1	0
0	

1907	4375
2	165826
58673	107153	

1907	4431
1	0
0	

1907	4506
2	0
0	0	

1907	4556
1	0
0	

1907	4584
1	0
0	

1907	4622
1	0
0	

1907	4642
1	0
0	

1907	4671
2	0
0	0	

1907	4695
3	0
0	0	0	

1907	4837
1	90825
90825	

1907	4845
1	0
0	

1907	4854
1	0
0	

1907	4898
1	0
0	

1907	4920
1	15558
15558	

1907	4999
1	0
0	

1907	5004
1	0
0	

1907	5006
1	0
0	

1907	5021
1	0
0	

1907	5330
1	0
0	

1907	5447
2	0
0	0	

1907	5471
2	0
0	0	

1907	5511
1	0
0	

1907	5537
1	0
0	

1907	5606
1	31966
31966	

1907	5615
1	57498
57498	

1907	5658
1	0
0	

1907	5716
1	0
0	

1928	169
1	0
0	

1928	325
2	0
0	0	

1928	626
1	0
0	

1928	643
1	0
0	

1928	851
1	0
0	

1928	1602
2	0
0	0	

1928	2259
1	103276
103276	

1928	2771
1	59833
59833	

1928	2784
1	0
0	

1928	3167
1	0
0	

1928	3173
1	0
0	

1928	3749
1	0
0	

1928	4049
1	0
0	

1928	4666
1	0
0	

1928	4671
1	0
0	

1928	4991
1	0
0	

1938	532
1	0
0	

1938	2810
1	0
0	

1938	3419
2	0
0	0	

1938	4103
1	0
0	

1944	992
4	49412
0	0	0	49412	

1944	3361
1	0
0	

1958	41
3	0
0	0	0	

1958	372
2	96276
9666	86610	

1958	509
1	0
0	

1958	1334
1	0
0	

1958	1411
3	0
0	0	0	

1958	2819
1	57931
57931	

1958	2882
2	0
0	0	

1958	3528
1	0
0	

1958	3641
1	0
0	

1958	4135
1	0
0	

1958	4856
3	0
0	0	0	

1958	4868
1	0
0	

1970	429
1	0
0	

1970	1602
1	0
0	

1970	4884
2	0
0	0	

1984	204
1	0
0	

1984	566
1	0
0	

1984	1073
1	0
0	

1984	2008
1	0
0	

1984	2259
1	0
0	

1984	2280
1	0
0	

1984	2448
1	0
0	

1984	2977
1	0
0	

1984	3173
1	0
0	

1984	3276
1	0
0	

1984	3816
2	0
0	0	

1984	4037
1	0
0	

1984	4556
1	0
0	

1984	4867
1	0
0	

1984	4973
1	0
0	

1984	4999
1	0
0	

1984	5537
1	0
0	

2008	195
1	9356
9356	

2008	503
1	0
0	

2008	856
1	0
0	

2008	2577
1	0
0	

2008	3812
1	0
0	

2008	4068
1	80423
80423	

2008	4973
1	15309
15309	

2036	4961
1	0
0	

2057	204
1	46602
46602	

2057	455
1	0
0	

2057	1742
1	92541
92541	

2057	4155
1	0
0	

2057	4246
2	0
0	0	

2057	4935
2	206547
0	206547	

2057	5615
1	0
0	

2057	5771
1	7508
7508	

2071	422
1	3633
3633	

2071	429
1	0
0	

2071	520
2	0
0	0	

2071	2180
2	14489
0	14489	

2071	2778
1	0
0	

2071	2830
2	2636
0	2636	

2071	2911
2	0
0	0	

2071	3162
5	137199
0	0	0	0	137199	

2071	4210
1	0
0	

2071	4700
1	52615
52615	

2071	4898
5	266426
0	0	74539	90813	101074	

2071	5134
2	0
0	0	

2075	2769
1	0
0	

2099	1152
1	0
0	

2099	2864
1	6993
6993	

2106	546
3	48381
0	0	48381	

2106	893
1	0
0	

2106	1176
2	0
0	0	

2106	2400
1	0
0	

2106	2448
1	0
0	

2106	2503
1	0
0	

2106	2526
1	0
0	

2106	2677
1	0
0	

2106	2779
2	0
0	0	

2106	3300
1	0
0	

2106	3802
2	83288
0	83288	

2106	4249
1	76787
76787	

2106	4306
1	0
0	

2106	4480
2	0
0	0	

2106	4695
1	0
0	

2106	4706
1	0
0	

2106	5658
1	0
0	

2106	5716
1	0
0	

2106	5766
2	122863
0	122863	

2123	436
1	0
0	

2123	763
1	0
0	

2123	1492
1	88537
88537	

2123	4103
1	35692
35692	

2123	4506
1	0
0	

2126	489
1	0
0	

2126	650
1	0
0	

2126	1140
1	0
0	

2126	2592
1	0
0	

2126	3790
1	0
0	

2136	1543
1	0
0	

2136	4584
1	26900
26900	

2136	4676
1	0
0	

2136	4786
2	0
0	0	

2141	360
1	92139
92139	

2141	769
2	0
0	0	

2141	1150
1	0
0	

2141	1411
1	0
0	

2141	2789
1	0
0	

2141	3364
1	0
0	

2141	3812
1	237811
237811	

2141	4693
1	0
0	

2141	4742
1	0
0	

2141	5382
1	0
0	

2144	2675
1	0
0	

2144	4071
1	0
0	

2144	4371
1	0
0	

2144	5596
1	0
0	

2149	3758
2	0
0	0	

2152	151
1	0
0	

2152	271
1	0
0	

2152	325
2	0
0	0	

2152	375
1	0
0	

2152	422
1	44441
44441	

2152	429
1	0
0	

2152	524
1	0
0	

2152	626
1	0
0	

2152	988
1	0
0	

2152	1009
1	22196
22196	

2152	1534
1	0
0	

2152	1803
1	7201
7201	

2152	1970
1	0
0	

2152	1984
1	0
0	

2152	2039
1	17622
17622	

2152	2099
1	0
0	

2152	2629
1	0
0	

2152	2778
1	0
0	

2152	2864
1	0
0	

2152	2901
2	0
0	0	

2152	2954
1	0
0	

2152	3043
2	134583
11148	123435	

2152	3162
1	11269
11269	

2152	3173
1	0
0	

2152	3292
1	29842
29842	

2152	4049
1	0
0	

2152	4371
1	0
0	

2152	4556
1	0
0	

2152	4669
1	0
0	

2152	4750
1	0
0	

2152	4884
1	0
0	

2152	4901
2	41376
0	41376	

2152	4961
1	0
0	

2152	4999
1	0
0	

2152	5638
1	0
0	

2152	5719
3	10119
0	0	10119	

2152	5758
1	0
0	

2184	493
1	0
0	

2184	3134
2	0
0	0	

2184	5596
1	0
0	

2191	931
1	0
0	

2191	3758
2	0
0	0	

2191	4148
1	2539
2539	

2191	4416
1	0
0	

2280	1021
1	58019
58019	

2280	4786
2	0
0	0	

2280	5739
1	0
0	

2291	721
1	0
0	

2291	1878
1	0
0	

2291	2184
1	0
0	

2291	3134
1	0
0	

2291	3283
1	0
0	

2291	3361
1	0
0	

2291	4623
1	0
0	

2293	851
2	200251
61167	139084	

2293	4148
1	1914
1914	

2293	4407
3	36597
0	0	36597	

2293	4598
1	76327
76327	

2308	503
1	0
0	

2308	626
1	0
0	

2308	2448
1	0
0	

2308	2934
1	0
0	

2308	4706
1	0
0	

2308	5747
1	0
0	

2352	741
1	0
0	

2352	1878
1	0
0	

2352	3702
1	0
0	

2352	4853
1	0
0	

2355	727
4	89892
0	0	0	89892	

2355	3159
2	0
0	0	

2380	1937
1	4987
4987	

2380	3034
2	218255
0	218255	

2380	5061
2	0
0	0	

2380	5615
1	271596
271596	

2400	41
1	0
0	

2400	387
1	0
0	

2400	626
1	0
0	

2400	727
1	0
0	

2400	1021
1	0
0	

2400	1176
2	0
0	0	

2400	1334
2	0
0	0	

2400	1351
2	58998
26949	32049	

2400	1958
1	0
0	

2400	2106
2	36506
0	36506	

2400	2152
1	0
0	

2400	2503
1	0
0	

2400	2526
1	0
0	

2400	2779
1	0
0	

2400	2862
1	0
0	

2400	2954
2	0
0	0	

2400	3237
1	0
0	

2400	3802
2	20046
0	20046	

2400	3840
1	0
0	

2400	4265
1	6766
6766	

2400	4431
1	0
0	

2400	4480
1	0
0	

2400	4496
4	0
0	0	0	0	

2400	4633
1	0
0	

2400	4671
2	0
0	0	

2400	4695
1	0
0	

2400	4706
2	8502
0	8502	

2400	4766
1	149009
149009	

2400	4868
1	0
0	

2400	5042
1	0
0	

2400	5409
1	0
0	

2400	5447
1	0
0	

2400	5593
1	0
0	

2400	5716
1	0
0	

2448	109
1	0
0	

2448	387
1	0
0	

2448	503
1	0
0	

2448	651
1	0
0	

2448	783
2	0
0	0	

2448	992
3	0
0	0	0	

2448	1073
1	0
0	

2448	1150
1	103229
103229	

2448	1907
1	0
0	

2448	2526
1	0
0	

2448	2779
1	0
0	

2448	2864
1	0
0	

2448	2954
1	0
0	

2448	3134
1	0
0	

2448	3308
4	550067
0	0	173416	376651	

2448	3361
1	0
0	

2448	3641
1	0
0	

2448	4155
1	0
0	

2448	4246
1	0
0	

2448	4496
1	0
0	

2448	4935
1	0
0	

2448	4999
1	0
0	

2448	5775
1	35010
35010	

2459	691
1	0
0	

2459	3395
1	41046
41046	

2459	4648
2	104006
28638	75368	

2459	5044
1	68363
68363	

2459	5320
1	0
0	

2459	5744
1	0
0	

2464	174
2	7451
0	7451	

2464	230
1	0
0	

2464	478
1	0
0	

2464	2355
3	0
0	0	0	

2464	2564
1	0
0	

2464	4148
1	30205
30205	

2464	4616
2	0
0	0	

2483	1436
1	0
0	

2489	760
1	32779
32779	

2489	1543
1	12182
12182	

2489	3419
1	149700
149700	

2503	253
1	160318
160318	

2503	546
3	0
0	0	0	

2503	2526
1	0
0	

2503	4073
2	139414
37703	101711	

2503	4695
1	0
0	

2503	4706
1	0
0	

2503	4710
1	0
0	

2503	5447
1	109801
109801	

2526	2503
1	0
0	

2526	3300
1	0
0	

2526	4695
2	7207
0	7207	

2526	4706
1	0
0	

2526	4766
2	253625
105390	148235	

2537	835
1	0
0	

2537	3324
1	0
0	

2539	2735
1	0
0	

2539	3219
3	0
0	0	0	

2539	3570
1	0
0	

2539	3969
1	2872
2872	

2539	4265
4	0
0	0	0	0	

2539	4584
1	15729
15729	

2539	5471
2	0
0	0	

2564	174
1	35316
35316	

2577	387
1	0
0	

2578	3812
1	0
0	

2578	4068
2	19721
0	19721	

2592	489
2	0
0	0	

2592	1140
3	24088
0	0	24088	

2592	2126
1	38295
38295	

2629	1009
1	0
0	

2629	2259
1	0
0	

2675	760
2	0
0	0	

2675	1709
1	0
0	

2675	3134
1	0
0	

2675	4300
1	0
0	

2675	4850
1	0
0	

2677	2526
1	0
0	

2677	2779
1	0
0	

2677	2862
1	0
0	

2677	2954
1	16601
16601	

2677	3840
2	272537
69089	203448	

2677	4506
1	114459
114459	

2677	4695
1	0
0	

2677	5132
1	0
0	

2677	5511
1	86571
86571	

2677	5716
1	0
0	

2735	4806
1	0
0	

2757	127
1	44116
44116	

2757	509
1	0
0	

2757	835
1	0
0	

2757	1411
1	0
0	

2757	1775
1	0
0	

2757	1803
1	16467
16467	

2757	3641
1	0
0	

2757	4850
1	0
0	

2768	215
1	0
0	

2768	3495
1	0
0	

2768	4756
1	69245
69245	

2768	4867
1	24452
24452	

2769	1029
1	0
0	

2769	5156
1	25669
25669	

2769	5256
1	20328
20328	

2771	325
2	0
0	0	

2771	1928
1	0
0	

2771	4831
1	0
0	

2771	4959
1	0
0	

2778	325
1	0
0	

2778	422
1	131710
131710	

2778	520
1	0
0	

2778	1150
2	0
0	0	

2778	2039
1	203553
203553	

2778	2071
6	55792
0	0	0	0	0	55792	

2778	2180
1	0
0	

2778	2830
2	0
0	0	

2778	2911
3	0
0	0	0	

2778	3134
1	0
0	

2778	3162
2	82124
0	82124	

2778	3930
1	121745
121745	

2778	4210
1	123118
123118	

2778	4666
1	0
0	

2778	5134
3	0
0	0	0	

2778	5574
2	0
0	0	

2778	5596
1	0
0	

2778	5687
1	61918
61918	

2779	2862
1	0
0	

2779	3802
1	0
0	

2779	5511
1	0
0	

2784	931
1	52628
52628	

2784	2810
1	0
0	

2784	3237
1	0
0	

2784	5042
2	0
0	0	

2784	5152
3	27183
0	0	27183	

2784	5505
1	0
0	

2784	5687
1	0
0	

2789	3364
1	0
0	

2789	4693
1	0
0	

2810	741
1	0
0	

2810	760
1	0
0	

2810	965
1	0
0	

2810	1492
1	0
0	

2810	1543
1	0
0	

2810	4951
1	0
0	

2810	5363
1	0
0	

2819	169
1	38306
38306	

2819	195
2	104860
0	104860	

2819	414
1	2815
2815	

2819	493
1	0
0	

2819	503
1	0
0	

2819	560
1	0
0	

2819	727
1	0
0	

2819	741
2	0
0	0	

2819	783
1	0
0	

2819	835
1	0
0	

2819	1014
1	12661
12661	

2819	1021
1	0
0	

2819	1150
2	0
0	0	

2819	1240
1	0
0	

2819	1570
1	0
0	

2819	2036
1	0
0	

2819	2355
1	0
0	

2819	2380
1	0
0	

2819	2577
2	0
0	0	

2819	2784
1	0
0	

2819	2869
2	0
0	0	

2819	3024
4	181686
0	0	38940	142746	

2819	3237
1	0
0	

2819	3256
1	13516
13516	

2819	3361
1	0
0	

2819	4071
1	0
0	

2819	4155
1	0
0	

2819	4306
1	0
0	

2819	4404
1	0
0	

2819	4506
1	0
0	

2819	4556
2	0
0	0	

2819	4616
2	0
0	0	

2819	4671
2	0
0	0	

2819	4750
1	0
0	

2819	4756
1	100122
100122	

2819	4901
1	0
0	

2819	5061
1	10484
10484	

2819	5597
2	0
0	0	

2819	5606
1	0
0	

2819	5674
1	0
0	

2819	5775
1	0
0	

2824	591
1	0
0	

2824	1534
1	5110
5110	

2824	4901
1	0
0	

2824	5156
2	268658
0	268658	

2830	1970
1	0
0	

2830	2778
2	0
0	0	

2830	2911
1	0
0	

2830	3162
4	106147
0	0	9472	96675	

2830	3173
1	0
0	

2830	4700
2	54600
0	54600	

2830	4898
2	0
0	0	

2830	4991
1	0
0	

2830	5134
2	17381
0	17381	

2842	3357
1	0
0	

2842	3641
1	21350
21350	

2842	5330
1	0
0	

2850	936
1	75787
75787	

2850	3894
1	92820
92820	

2850	5256
3	868861
14247	179710	674904	

2862	3802
1	0
0	

2866	215
1	0
0	

2866	4756
1	116645
116645	

2866	4867
1	0
0	

2869	546
1	0
0	

2869	3222
3	13584
0	0	13584	

2882	41
2	9264
0	9264	

2882	1958
3	70420
0	0	70420	

2882	4856
3	0
0	0	0	

2911	429
1	0
0	

2911	2071
1	0
0	

2911	2830
2	0
0	0	

2911	3162
2	167687
0	167687	

2911	5134
2	0
0	0	

2911	5574
1	0
0	

2912	1092
1	28095
28095	

2912	1709
1	0
0	

2912	2577
1	268277
268277	

2912	2932
3	846613
88218	306452	451943	

2912	3197
1	0
0	

2912	3570
2	169196
0	169196	

2912	4850
1	0
0	

2912	5447
2	92112
0	92112	

2912	5479
1	68013
68013	

2912	5739
1	0
0	

2915	1150
1	0
0	

2934	626
1	0
0	

2934	3233
1	0
0	

2934	3812
2	150935
0	150935	

2934	4306
2	11826
0	11826	

2934	4671
1	4889
4889	

2954	109
1	0
0	

2954	194
1	6601
6601	

2954	489
3	0
0	0	0	

2954	546
1	50089
50089	

2954	565
3	191048
0	87245	103803	

2954	643
1	85858
85858	

2954	650
2	0
0	0	

2954	768
1	0
0	

2954	1140
2	0
0	0	

2954	1176
3	183489
0	0	183489	

2954	1183
1	68217
68217	

2954	1514
1	0
0	

2954	1570
2	0
0	0	

2954	1928
1	0
0	

2954	2106
2	79482
0	79482	

2954	2126
2	118829
0	118829	

2954	2503
1	0
0	

2954	2526
2	0
0	0	

2954	2592
3	110940
0	0	110940	

2954	2779
3	117880
0	0	117880	

2954	2862
1	0
0	

2954	2869
2	0
0	0	

2954	2901
1	490420
490420	

2954	2934
2	0
0	0	

2954	3528
1	0
0	

2954	3595
1	0
0	

2954	3790
3	99327
0	12203	87124	

2954	3802
2	50782
0	50782	

2954	3840
1	44413
44413	

2954	4049
1	0
0	

2954	4233
1	30176
30176	

2954	4306
1	79686
79686	

2954	4496
5	172353
0	0	26108	52070	94175	

2954	4671
1	0
0	

2954	4695
3	0
0	0	0	

2954	4706
1	0
0	

2954	4766
1	130803
130803	

2954	4959
1	0
0	

2954	5132
1	252704
252704	

2954	5255
1	0
0	

2954	5716
2	0
0	0	

2977	195
1	0
0	

2977	204
1	0
0	

2977	360
1	0
0	

2977	503
1	0
0	

2977	581
1	0
0	

2977	835
1	0
0	

2977	851
1	0
0	

2977	893
1	0
0	

2977	1021
1	0
0	

2977	1057
1	0
0	

2977	2008
1	0
0	

2977	2036
3	0
0	0	0	

2977	2280
1	0
0	

2977	2400
1	0
0	

2977	2448
3	107589
0	0	107589	

2977	2468
1	144156
144156	

2977	2539
1	0
0	

2977	2934
1	0
0	

2977	3233
1	0
0	

2977	3361
1	0
0	

2977	3528
1	0
0	

2977	4148
1	0
0	

2977	4261
4	0
0	0	0	0	

2977	4567
1	144696
144696	

2977	4671
1	0
0	

2977	4693
1	0
0	

2977	4837
1	0
0	

2977	4935
1	0
0	

2977	4973
2	0
0	0	

2977	4999
1	0
0	

2977	5021
1	0
0	

2977	5471
1	0
0	

2989	41
1	127984
127984	

2989	127
1	7617
7617	

2989	473
2	73681
0	73681	

2989	1334
1	0
0	

2989	2577
1	0
0	

2989	3961
1	0
0	

2989	4135
1	0
0	

2989	4261
1	0
0	

2989	4742
1	0
0	

2989	4868
1	0
0	

3020	1775
1	0
0	

3020	5061
1	101768
101768	

3020	5471
1	0
0	

3024	2578
1	0
0	

3024	3812
1	0
0	

3034	174
1	0
0	

3034	182
1	0
0	

3034	727
1	0
0	

3034	965
1	0
0	

3034	1021
1	47645
47645	

3034	1372
1	14962
14962	

3034	2106
1	0
0	

3034	2380
1	13594
13594	

3034	2526
1	0
0	

3034	2564
1	0
0	

3034	2757
1	0
0	

3034	3167
1	0
0	

3034	3300
1	0
0	

3034	3850
1	0
0	

3034	4265
1	0
0	

3034	4562
1	0
0	

3034	4616
1	0
0	

3034	4671
1	0
0	

3034	4676
1	0
0	

3034	4695
1	0
0	

3034	4854
2	26753
0	26753	

3034	4961
1	8814
8814	

3034	4977
2	0
0	0	

3034	5061
1	23023
23023	

3034	5505
1	0
0	

3034	5537
1	0
0	

3034	5674
1	0
0	

3040	965
1	0
0	

3040	2191
1	0
0	

3040	2537
1	137344
137344	

3040	4041
1	87582
87582	

3043	375
1	0
0	

3043	493
3	11130
0	0	11130	

3043	527
1	130731
130731	

3043	701
1	0
0	

3043	893
1	0
0	

3043	1031
1	0
0	

3043	1073
1	123052
123052	

3043	1092
1	112840
112840	

3043	1176
2	0
0	0	

3043	1351
1	79147
79147	

3043	1381
1	0
0	

3043	1561
1	0
0	

3043	1602
1	6615
6615	

3043	1709
1	2100
2100	

3043	1720
1	18566
18566	

3043	1878
3	153282
0	0	153282	

3043	1937
1	9759
9759	

3043	2126
1	132919
132919	

3043	2152
1	0
0	

3043	2160
1	85708
85708	

3043	2448
1	0
0	

3043	2677
1	202241
202241	

3043	2912
1	101370
101370	

3043	2954
1	0
0	

3043	3034
1	0
0	

3043	3292
3	243197
70646	74395	98156	

3043	3675
2	253524
76496	177028	

3043	3758
1	0
0	

3043	3790
2	204032
0	204032	

3043	3930
2	173985
16818	157167	

3043	3962
1	0
0	

3043	4013
1	0
0	

3043	4049
2	83354
0	83354	

3043	4155
2	11525
0	11525	

3043	4249
1	0
0	

3043	4506
1	51481
51481	

3043	4666
1	0
0	

3043	4669
1	100943
100943	

3043	4750
1	0
0	

3043	4850
1	0
0	

3043	4977
1	0
0	

3043	5152
1	0
0	

3043	5412
1	0
0	

3043	5687
1	0
0	

3043	5744
1	102997
102997	

3054	721
1	4482
4482	

3054	1150
1	0
0	

3054	3414
1	0
0	

3054	4148
1	24656
24656	

3054	4300
1	362406
362406	

3062	325
1	6255
6255	

3062	651
1	291647
291647	

3062	2448
1	68765
68765	

3062	3930
1	67734
67734	

3062	4480
1	0
0	

3062	4616
2	126060
0	126060	

3062	4693
1	53494
53494	

3079	2539
1	34087
34087	

3079	3702
1	0
0	

3108	387
1	0
0	

3108	478
1	0
0	

3108	565
1	0
0	

3108	760
1	0
0	

3108	835
1	0
0	

3108	1029
1	0
0	

3108	2537
1	0
0	

3108	2539
1	0
0	

3108	3219
1	0
0	

3108	3268
1	0
0	

3108	3354
2	0
0	0	

3108	3664
1	0
0	

3108	3969
1	0
0	

3108	4219
1	0
0	

3108	5471
1	0
0	

3108	5537
1	0
0	

3108	5647
1	0
0	

3108	5687
1	0
0	

3134	162
1	76975
76975	

3134	325
2	0
0	0	

3134	414
1	0
0	

3134	493
1	0
0	

3134	524
1	46423
46423	

3134	581
1	0
0	

3134	591
1	0
0	

3134	651
2	0
0	0	

3134	672
1	0
0	

3134	741
2	0
0	0	

3134	760
1	0
0	

3134	1092
1	0
0	

3134	1381
1	0
0	

3134	1539
1	41055
41055	

3134	1937
1	59048
59048	

3134	2075
1	40938
40938	

3134	2400
1	0
0	

3134	2675
1	0
0	

3134	2778
3	0
0	0	0	

3134	3054
1	0
0	

3134	3283
2	0
0	0	

3134	3361
1	0
0	

3134	3641
1	174022
174022	

3134	3790
1	0
0	

3134	3930
1	152896
152896	

3134	4049
1	0
0	

3134	4148
1	23279
23279	

3134	4506
1	70323
70323	

3134	4623
1	165023
165023	

3134	4671
1	0
0	

3134	4706
1	18391
18391	

3134	4850
1	0
0	

3134	5363
2	0
0	0	

3134	5537
2	0
0	0	

3134	5672
1	0
0	

3134	5775
1	0
0	

3159	288
1	0
0	

3159	2355
1	189787
189787	

3159	2735
1	58365
58365	

3159	4584
1	0
0	

3159	4877
2	0
0	0	

3162	2071
2	38065
0	38065	

3162	2830
2	25175
0	25175	

3162	2911
1	0
0	

3162	4898
1	0
0	

3165	1370
2	135068
0	135068	

3165	3232
1	281225
281225	

3167	169
1	0
0	

3167	581
2	0
0	0	

3167	1372
1	122058
122058	

3167	4633
2	30346
0	30346	

3167	5597
2	0
0	0	

3173	4959
1	0
0	

3173	5758
3	129460
0	33037	96423	

3190	1720
1	0
0	

3190	5637
2	15712
0	15712	

3190	5747
2	125938
0	125938	

3197	2483
1	0
0	

3197	4071
1	0
0	

3219	9
1	46634
46634	

3219	4642
1	0
0	

3222	253
1	0
0	

3222	546
1	0
0	

3222	2106
1	0
0	

3222	2869
1	0
0	

3222	4706
1	0
0	

3222	5658
1	0
0	

3232	701
1	0
0	

3232	845
1	0
0	

3232	941
2	0
0	0	

3232	4911
1	0
0	

3233	4148
1	0
0	

3233	4973
2	0
0	0	

3237	503
1	0
0	

3237	1775
1	0
0	

3237	2784
3	0
0	0	0	

3237	2912
1	0
0	

3237	4300
1	0
0	

3237	5152
1	0
0	

3240	162
1	0
0	

3240	325
1	0
0	

3240	701
1	0
0	

3240	760
1	0
0	

3240	763
1	0
0	

3240	941
1	0
0	

3240	1215
1	0
0	

3240	1348
1	0
0	

3240	1543
1	0
0	

3240	1938
1	0
0	

3240	2489
1	0
0	

3240	2675
1	0
0	

3240	2784
1	0
0	

3240	2912
1	0
0	

3240	2932
1	27023
27023	

3240	3237
1	0
0	

3240	3678
1	0
0	

3240	3820
1	0
0	

3240	4249
1	0
0	

3240	4806
1	98954
98954	

3240	5363
1	0
0	

3256	230
1	0
0	

3256	325
1	0
0	

3256	387
1	0
0	

3256	546
1	0
0	

3256	626
1	0
0	

3256	931
1	0
0	

3256	1539
1	7736
7736	

3256	1602
1	179096
179096	

3256	1709
1	0
0	

3256	1970
1	39915
39915	

3256	2184
1	0
0	

3256	2778
1	0
0	

3256	2901
1	0
0	

3256	3268
1	0
0	

3256	3283
1	0
0	

3256	3354
1	0
0	

3256	4254
1	0
0	

3256	4416
1	0
0	

3256	4666
1	0
0	

3256	4750
1	0
0	

3268	3108
1	0
0	

3268	3354
1	0
0	

3268	3813
2	0
0	0	

3268	4254
1	0
0	

3269	1057
1	0
0	

3269	1984
1	15938
15938	

3269	3358
1	0
0	

3269	4233
1	0
0	

3269	4837
1	272640
272640	

3276	204
1	0
0	

3276	582
1	0
0	

3276	1073
2	0
0	0	

3276	2768
1	0
0	

3276	2866
1	0
0	

3276	3816
3	26276
0	0	26276	

3276	4756
1	35213
35213	

3276	4867
2	0
0	0	

3283	643
1	0
0	

3283	2567
1	0
0	

3283	3354
2	0
0	0	

3283	5331
1	0
0	

3285	1543
1	0
0	

3285	4616
1	0
0	

3285	4877
1	0
0	

3300	546
1	0
0	

3300	4695
1	0
0	

3308	4935
1	0
0	

3324	2537
2	0
0	0	

3324	4584
1	0
0	

3324	4853
1	0
0	

3324	4907
1	0
0	

3324	5006
2	0
0	0	

3354	768
1	0
0	

3354	2075
2	0
0	0	

3354	3283
2	94835
0	94835	

3354	4959
1	0
0	

3354	5415
1	0
0	

3354	5656
2	0
0	0	

3357	4806
1	0
0	

3358	455
2	93836
0	93836	

3358	4999
1	0
0	

3361	424
2	0
0	0	

3361	455
2	0
0	0	

3361	493
2	0
0	0	

3361	760
1	81869
81869	

3361	992
3	0
0	0	0	

3361	1742
2	0
0	0	

3361	1944
3	0
0	0	0	

3361	2057
1	0
0	

3361	3134
1	0
0	

3361	4155
2	570290
0	570290	

3361	4246
4	53804
0	0	18075	35729	

3361	4935
1	15819
15819	

3361	5021
1	0
0	

3364	360
1	84844
84844	

3364	769
2	0
0	0	

3364	2141
1	0
0	

3364	2789
5	764358
0	0	108226	115729	540403	

3364	4693
1	0
0	

3395	2459
1	0
0	

3395	3416
1	121215
121215	

3395	3611
1	26257
26257	

3395	3873
1	200198
200198	

3395	4648
1	82003
82003	

3395	5044
2	28044
11429	16615	

3395	5320
1	0
0	

3410	5
1	0
0	

3410	2911
1	0
0	

3416	618
1	5776
5776	

3416	691
1	81735
81735	

3416	694
1	0
0	

3416	3873
1	230508
230508	

3416	4648
3	171444
36797	45736	88911	

3416	5320
1	0
0	

3419	1543
1	0
0	

3495	215
3	15844
0	0	15844	

3495	1548
1	69620
69620	

3495	2768
1	0
0	

3495	2866
1	0
0	

3495	4867
1	0
0	

3528	5
1	0
0	

3528	41
1	0
0	

3528	253
1	0
0	

3528	325
2	0
0	0	

3528	387
1	0
0	

3528	489
1	0
0	

3528	493
2	1923
0	1923	

3528	721
1	0
0	

3528	851
1	0
0	

3528	931
1	0
0	

3528	1009
1	0
0	

3528	1031
1	0
0	

3528	1089
1	0
0	

3528	1176
1	0
0	

3528	1334
1	0
0	

3528	1370
1	0
0	

3528	1372
1	123680
123680	

3528	1411
1	0
0	

3528	1630
1	0
0	

3528	1779
1	0
0	

3528	2075
2	6567
0	6567	

3528	2106
1	0
0	

3528	2352
1	0
0	

3528	2850
1	0
0	

3528	2869
1	0
0	

3528	3108
1	0
0	

3528	3167
1	0
0	

3528	3222
1	0
0	

3528	3324
1	0
0	

3528	3570
1	0
0	

3528	3664
1	0
0	

3528	3768
1	0
0	

3528	3850
1	0
0	

3528	3930
1	0
0	

3528	4041
1	0
0	

3528	4049
1	0
0	

3528	4135
1	0
0	

3528	4219
1	0
0	

3528	4261
1	0
0	

3528	4346
1	53124
53124	

3528	4480
2	0
0	0	

3528	4664
1	0
0	

3528	4671
1	0
0	

3528	4786
1	0
0	

3528	4853
1	0
0	

3528	4854
1	0
0	

3528	4977
1	0
0	

3528	5006
1	0
0	

3528	5687
1	0
0	

3528	5716
2	0
0	0	

3570	2539
1	5880
5880	

3611	3016
1	330322
330322	

3611	3416
1	20022
20022	

3611	3873
1	89068
89068	

3611	4648
1	0
0	

3611	5044
1	11049
11049	

3636	493
1	0
0	

3636	1021
1	0
0	

3636	1150
1	119717
119717	

3636	2008
1	0
0	

3636	2468
1	0
0	

3636	2499
1	0
0	

3636	2677
1	32549
32549	

3636	2784
1	0
0	

3636	3237
1	0
0	

3636	3354
1	0
0	

3636	4616
1	0
0	

3636	4671
1	0
0	

3636	4695
1	0
0	

3636	4706
1	0
0	

3636	4977
1	0
0	

3636	5061
1	0
0	

3636	5593
1	0
0	

3641	41
1	77852
77852	

3641	127
1	0
0	

3641	360
2	141633
20942	120691	

3641	372
1	40798
40798	

3641	473
1	97085
97085	

3641	769
2	233372
11897	221475	

3641	835
1	0
0	

3641	1031
1	0
0	

3641	1411
1	0
0	

3641	2789
1	0
0	

3641	3364
1	0
0	

3641	4135
1	0
0	

3641	4666
1	0
0	

3641	4693
1	80616
80616	

3641	4742
1	0
0	

3641	4856
1	0
0	

3641	5366
1	87346
87346	

3641	5687
1	0
0	

3641	5716
1	84288
84288	

3678	3165
1	0
0	

3702	626
1	0
0	

3727	618
1	0
0	

3727	694
1	86872
86872	

3727	3016
1	302960
302960	

3758	965
1	2075
2075	

3758	2149
1	0
0	

3758	2191
1	0
0	

3758	3040
1	0
0	

3758	3962
1	0
0	

3758	4041
1	0
0	

3790	489
1	0
0	

3790	565
1	126067
126067	

3790	650
5	128073
0	0	0	16432	111641	

3790	1140
4	257390
0	24642	53962	178786	

3790	1183
1	0
0	

3790	2106
3	64718
0	0	64718	

3790	2126
3	0
0	0	0	

3790	2592
4	0
0	0	0	0	

3790	2954
3	0
0	0	0	

3790	3134
1	0
0	

3790	3802
1	84756
84756	

3790	5447
2	72058
0	72058	

3802	1176
1	0
0	

3802	2779
1	0
0	

3802	3840
1	0
0	

3802	4695
1	79040
79040	

3802	5511
1	0
0	

3802	5766
1	0
0	

3812	271
1	0
0	

3812	546
1	0
0	

3812	851
1	0
0	

3812	1548
1	0
0	

3812	1928
1	0
0	

3812	2141
1	0
0	

3812	2578
3	139616
0	0	139616	

3812	2768
1	0
0	

3812	4013
1	0
0	

3812	4068
1	154228
154228	

3812	4830
1	0
0	

3812	5537
1	0
0	

3813	5415
1	0
0	

3813	5674
1	0
0	

3816	1592
1	0
0	

3816	1984
1	0
0	

3820	162
2	0
0	0	

3820	527
1	0
0	

3820	1092
1	0
0	

3820	2355
1	0
0	

3820	4877
2	0
0	0	

3820	5739
2	9828
0	9828	

3840	5766
1	0
0	

3850	493
1	0
0	

3850	1310
3	0
0	0	0	

3850	1348
1	0
0	

3850	2036
2	0
0	0	

3850	2280
1	0
0	

3850	2530
1	0
0	

3850	2577
1	0
0	

3850	2869
1	96687
96687	

3850	2934
1	0
0	

3850	3134
1	0
0	

3850	3948
2	0
0	0	

3850	4049
1	0
0	

3850	4103
1	0
0	

3850	4616
1	0
0	

3850	4671
1	0
0	

3850	4845
1	0
0	

3850	4973
3	63363
0	0	63363	

3850	5006
1	0
0	

3850	5397
1	0
0	

3850	5471
1	0
0	

3850	5596
1	79250
79250	

3894	936
1	0
0	

3894	1928
1	0
0	

3894	5256
1	98051
98051	

3930	195
1	0
0	

3930	253
1	0
0	

3930	325
1	0
0	

3930	387
1	0
0	

3930	422
1	0
0	

3930	493
1	0
0	

3930	503
1	0
0	

3930	509
1	13923
13923	

3930	524
2	0
0	0	

3930	527
1	198295
198295	

3930	546
1	0
0	

3930	581
1	0
0	

3930	651
2	36790
9231	27559	

3930	701
1	0
0	

3930	721
1	0
0	

3930	727
1	0
0	

3930	741
2	0
0	0	

3930	760
2	0
0	0	

3930	768
1	0
0	

3930	835
2	0
0	0	

3930	893
1	0
0	

3930	941
1	0
0	

3930	964
1	0
0	

3930	1021
1	20487
20487	

3930	1031
1	0
0	

3930	1092
1	0
0	

3930	1176
2	0
0	0	

3930	1183
1	119259
119259	

3930	1266
1	0
0	

3930	1370
2	0
0	0	

3930	1381
1	0
0	

3930	1492
1	0
0	

3930	1514
1	0
0	

3930	1518
1	104391
104391	

3930	1543
1	0
0	

3930	1709
1	94726
94726	

3930	1742
1	0
0	

3930	1754
1	60067
60067	

3930	1775
2	104783
0	104783	

3930	1803
1	20915
20915	

3930	1878
2	0
0	0	

3930	1907
1	0
0	

3930	1928
1	0
0	

3930	1944
1	17705
17705	

3930	2075
1	88928
88928	

3930	2106
2	157713
16758	140955	

3930	2141
1	0
0	

3930	2160
1	88106
88106	

3930	2448
2	0
0	0	

3930	2503
1	0
0	

3930	2677
1	0
0	

3930	2735
1	0
0	

3930	2778
3	0
0	0	0	

3930	2819
1	0
0	

3930	2830
1	59522
59522	

3930	2842
3	78085
0	0	78085	

3930	2850
1	0
0	

3930	2911
1	82710
82710	

3930	2912
1	0
0	

3930	2915
1	3866
3866	

3930	2932
1	180375
180375	

3930	2934
1	0
0	

3930	3108
2	0
0	0	

3930	3135
1	263652
263652	

3930	3165
1	0
0	

3930	3167
1	0
0	

3930	3237
1	0
0	

3930	3285
1	0
0	

3930	3358
1	0
0	

3930	3570
1	0
0	

3930	3678
1	0
0	

3930	3790
1	0
0	

3930	3816
1	0
0	

3930	3850
1	0
0	

3930	3894
1	0
0	

3930	3948
1	0
0	

3930	3984
1	7917
7917	

3930	4013
1	0
0	

3930	4082
1	0
0	

3930	4155
2	98579
25154	73425	

3930	4210
1	0
0	

3930	4219
1	0
0	

3930	4246
1	0
0	

3930	4259
1	0
0	

3930	4266
1	0
0	

3930	4306
1	15041
15041	

3930	4371
2	0
0	0	

3930	4375
1	0
0	

3930	4404
1	0
0	

3930	4431
1	0
0	

3930	4598
2	24766
0	24766	

3930	4623
2	63606
0	63606	

3930	4664
1	0
0	

3930	4695
4	143099
0	0	13493	129606	

3930	4706
2	0
0	0	

3930	4830
1	0
0	

3930	4845
1	0
0	

3930	4850
1	0
0	

3930	4893
3	209052
19837	90424	98791	

3930	4911
1	0
0	

3930	4922
1	0
0	

3930	4959
1	0
0	

3930	4961
1	0
0	

3930	4973
1	0
0	

3930	4991
1	10339
10339	

3930	4999
1	0
0	

3930	5255
1	0
0	

3930	5397
1	0
0	

3930	5409
1	0
0	

3930	5435
1	55834
55834	

3930	5447
2	92299
0	92299	

3930	5471
1	0
0	

3930	5537
2	0
0	0	

3930	5596
1	174432
174432	

3930	5603
3	125596
0	23827	101769	

3930	5658
3	36818
0	12459	24359	

3930	5672
1	0
0	

3930	5687
1	0
0	

3930	5716
1	0
0	

3930	5744
1	80042
80042	

3948	414
1	0
0	

3948	493
1	0
0	

3948	509
1	0
0	

3948	1014
1	37371
37371	

3948	1492
1	0
0	

3948	3850
4	0
0	0	0	0	

3948	4103
1	0
0	

3948	4676
1	0
0	

3948	4845
2	0
0	0	

3948	4853
1	0
0	

3948	5471
4	138189
0	0	0	138189	

3948	5479
1	0
0	

3961	41
1	0
0	

3961	127
1	0
0	

3961	1958
1	0
0	

3961	2989
2	0
0	0	

3961	4135
2	0
0	0	

3961	4261
1	0
0	

3961	4742
1	0
0	

3961	4868
1	0
0	

3962	931
2	0
0	0	

3962	3758
1	0
0	

3962	4041
1	0
0	

3962	5021
2	0
0	0	

3969	9
2	0
0	0	

3969	948
1	106403
106403	

3969	1143
2	133041
0	133041	

3969	1775
1	0
0	

3969	2355
2	0
0	0	

3969	2380
1	0
0	

3969	2977
1	0
0	

3969	5152
1	0
0	

3969	5537
1	0
0	

3984	21
1	0
0	

3984	524
1	0
0	

3984	1602
2	0
0	0	

3984	4049
1	27876
27876	

4013	195
2	73328
26186	47142	

4013	215
1	0
0	

4013	271
1	0
0	

4013	493
1	0
0	

4013	566
2	0
0	0	

4013	582
1	0
0	

4013	625
1	0
0	

4013	626
1	0
0	

4013	651
2	0
0	0	

4013	701
1	0
0	

4013	721
1	0
0	

4013	851
1	0
0	

4013	1592
1	0
0	

4013	1878
1	0
0	

4013	2191
1	0
0	

4013	2530
1	0
0	

4013	2819
1	0
0	

4013	2866
1	0
0	

4013	2934
1	0
0	

4013	3232
1	0
0	

4013	3233
1	0
0	

4013	3283
1	0
0	

4013	3354
1	0
0	

4013	3812
2	0
0	0	

4013	3820
1	0
0	

4013	3930
1	20864
20864	

4013	3962
1	0
0	

4013	4148
1	0
0	

4013	4234
1	71824
71824	

4013	4404
1	0
0	

4013	4416
1	0
0	

4013	4506
1	0
0	

4013	4867
5	200622
0	3222	27084	41821	128495	

4013	5021
1	0
0	

4013	5330
1	0
0	

4013	5471
1	0
0	

4013	5537
2	0
0	0	

4013	5617
2	10372
0	10372	

4027	2539
1	8394
8394	

4033	21
1	0
0	

4033	1534
1	0
0	

4037	5719
2	178312
0	178312	

4041	2191
1	0
0	

4041	3758
2	0
0	0	

4041	3962
2	35077
0	35077	

4049	194
1	0
0	

4049	719
1	0
0	

4049	768
1	0
0	

4049	965
1	6598
6598	

4049	1381
1	0
0	

4049	1570
3	0
0	0	0	

4049	1709
1	0
0	

4049	1803
1	0
0	

4049	1928
1	0
0	

4049	2152
1	0
0	

4049	3043
1	0
0	

4049	3414
1	0
0	

4049	4233
1	0
0	

4049	4259
1	0
0	

4049	4480
3	0
0	0	0	

4049	4750
2	0
0	0	

4049	4901
1	0
0	

4049	4959
1	0
0	

4049	5004
2	0
0	0	

4049	5596
1	0
0	

4049	5758
1	0
0	

4059	3727
1	183200
183200	

4059	5320
1	101093
101093	

4068	204
1	0
0	

4068	625
1	0
0	

4068	1073
1	0
0	

4068	1984
1	0
0	

4068	3812
1	0
0	

4068	3816
1	0
0	

4068	4867
1	0
0	

4071	5363
1	43962
43962	

4103	768
1	0
0	

4103	936
1	0
0	

4103	1150
1	0
0	

4103	1284
1	21328
21328	

4103	1938
1	0
0	

4103	2810
1	0
0	

4103	2850
1	0
0	

4103	3354
1	0
0	

4103	3528
1	0
0	

4103	3894
1	0
0	

4103	5363
1	0
0	

4135	1411
1	0
0	

4135	2989
1	0
0	

4135	3961
1	0
0	

4135	4261
1	0
0	

4135	4868
1	0
0	

4142	436
2	301907
0	301907	

4142	763
2	107632
0	107632	

4142	931
1	0
0	

4142	2293
1	93275
93275	

4142	4292
2	68099
7875	60224	

4142	4562
3	40878
0	12918	27960	

4142	4642
1	0
0	

4142	4853
1	0
0	

4142	5061
1	0
0	

4148	162
1	0
0	

4148	581
2	196148
0	196148	

4148	964
1	229998
229998	

4148	2293
3	17503
2988	6232	8283	

4148	3790
1	0
0	

4148	4407
3	81655
0	0	81655	

4148	4416
1	0
0	

4148	4922
1	0
0	

4148	5021
1	149200
149200	

4148	5061
1	0
0	

4148	5537
1	18624
18624	

4148	5647
1	0
0	

4155	1152
1	0
0	

4155	2864
2	76767
0	76767	

4155	3361
1	24943
24943	

4210	2180
1	0
0	

4210	2911
1	0
0	

4210	5153
1	0
0	

4219	3354
1	0
0	

4219	3813
1	0
0	

4219	5256
2	0
0	0	

4219	5415
1	0
0	

4233	560
1	0
0	

4233	1570
1	0
0	

4234	3961
1	0
0	

4234	4868
1	4788
4788	

4246	2057
1	0
0	

4246	3361
3	147563
0	0	147563	

4254	387
1	0
0	

4254	1021
1	0
0	

4254	2144
1	0
0	

4254	2468
1	20218
20218	

4254	2819
1	0
0	

4254	3268
1	0
0	

4254	3361
1	0
0	

4254	4616
1	0
0	

4254	4973
1	16169
16169	

4254	5412
1	38789
38789	

4259	194
1	31948
31948	

4261	473
1	0
0	

4261	509
2	0
0	0	

4261	1334
1	0
0	

4261	2989
1	0
0	

4261	3961
4	0
0	0	0	0	

4261	4868
1	0
0	

4261	5241
1	0
0	

4265	3969
2	97958
0	97958	

4265	5471
1	0
0	

4266	4868
1	0
0	

4292	763
1	0
0	

4292	2564
1	0
0	

4292	3219
1	0
0	

4292	4142
1	0
0	

4292	4431
1	0
0	

4292	4562
1	26545
26545	

4292	5061
1	18791
18791	

4300	5
1	0
0	

4300	524
1	69819
69819	

4300	581
1	108065
108065	

4300	701
1	0
0	

4300	851
1	0
0	

4300	1150
1	0
0	

4300	1878
2	114032
0	114032	

4300	2036
1	0
0	

4300	2075
1	0
0	

4300	2259
1	0
0	

4300	2629
1	0
0	

4300	2769
1	0
0	

4300	3268
1	57050
57050	

4300	3292
1	141815
141815	

4300	3969
1	0
0	

4300	4037
1	0
0	

4300	4506
1	59173
59173	

4300	4666
1	0
0	

4300	5021
1	0
0	

4300	5397
1	0
0	

4300	5471
1	0
0	

4300	5537
1	0
0	

4300	5596
1	131759
131759	

4300	5638
1	0
0	

4306	81
1	0
0	

4306	195
1	0
0	

4306	360
1	0
0	

4306	387
1	0
0	

4306	414
1	0
0	

4306	727
1	0
0	

4306	741
1	0
0	

4306	835
1	0
0	

4306	893
2	0
0	0	

4306	931
1	0
0	

4306	948
1	0
0	

4306	1150
1	0
0	

4306	1561
1	0
0	

4306	1775
1	0
0	

4306	2036
1	0
0	

4306	2071
1	0
0	

4306	2106
1	0
0	

4306	2149
1	0
0	

4306	2191
1	0
0	

4306	2280
1	0
0	

4306	2400
1	0
0	

4306	2448
2	0
0	0	

4306	2577
1	0
0	

4306	2778
1	0
0	

4306	2784
1	32047
32047	

4306	2819
1	0
0	

4306	2934
1	0
0	

4306	3034
1	0
0	

4306	3040
1	0
0	

4306	3283
1	0
0	

4306	3641
1	0
0	

4306	3812
1	150138
150138	

4306	3850
1	0
0	

4306	3930
1	54228
54228	

4306	3969
1	14255
14255	

4306	4148
1	0
0	

4306	4234
2	0
0	0	

4306	4506
1	0
0	

4306	4556
1	0
0	

4306	4642
1	0
0	

4306	4671
1	0
0	

4306	4676
1	0
0	

4306	4693
1	3283
3283	

4306	4706
1	0
0	

4306	4845
1	46032
46032	

4306	4854
1	0
0	

4306	4973
1	0
0	

4306	4977
1	0
0	

4306	5021
1	0
0	

4306	5255
1	0
0	

4306	5366
1	0
0	

4306	5397
1	0
0	

4306	5537
1	0
0	

4306	5674
1	0
0	

4306	5687
1	0
0	

4328	1284
1	0
0	

4328	2380
1	0
0	

4328	2483
1	22036
22036	

4328	5615
1	196195
196195	

4371	1709
1	0
0	

4371	2259
1	0
0	

4371	3173
1	187673
187673	

4371	3283
2	0
0	0	

4371	3354
1	42263
42263	

4371	3595
1	0
0	

4371	3768
1	0
0	

4371	4037
1	47289
47289	

4371	4049
2	0
0	0	

4375	1786
1	8495
8495	

4404	195
1	0
0	

4404	360
1	0
0	

4404	835
1	0
0	

4404	851
1	0
0	

4404	893
1	0
0	

4404	2036
1	34987
34987	

4404	2308
1	0
0	

4404	2448
1	0
0	

4404	3790
1	0
0	

4404	4375
1	20763
20763	

4404	4706
1	0
0	

4404	4742
2	0
0	0	

4404	4961
1	60894
60894	

4404	5255
1	0
0	

4404	5617
1	0
0	

4407	965
1	0
0	

4407	2293
2	12450
5064	7386	

4416	3134
1	0
0	

4416	3996
1	0
0	

4431	9
1	0
0	

4431	162
4	102842
0	0	0	102842	

4431	288
2	0
0	0	

4431	760
1	0
0	

4431	851
1	0
0	

4431	931
1	0
0	

4431	1492
1	0
0	

4431	2191
1	0
0	

4431	3034
1	0
0	

4431	3758
1	0
0	

4431	3820
1	0
0	

4431	4103
1	0
0	

4431	4562
1	0
0	

4431	4642
2	0
0	0	

4431	4877
1	0
0	

4431	5516
1	0
0	

4480	41
2	78138
0	78138	

4480	195
1	0
0	

4480	372
1	3891
3891	

4480	473
2	0
0	0	

4480	509
1	0
0	

4480	769
2	68127
24195	43932	

4480	893
1	0
0	

4480	1031
1	0
0	

4480	1372
1	0
0	

4480	1707
1	12306
12306	

4480	1720
1	0
0	

4480	1958
4	92408
0	0	0	92408	

4480	2259
1	0
0	

4480	2677
1	0
0	

4480	2779
1	0
0	

4480	2882
1	21663
21663	

4480	2989
2	83949
14720	69229	

4480	3237
1	0
0	

4480	3300
1	0
0	

4480	3357
1	24814
24814	

4480	3595
1	0
0	

4480	3850
1	0
0	

4480	3930
1	0
0	

4480	4103
1	0
0	

4480	4300
1	0
0	

4480	4375
1	28992
28992	

4480	4556
1	0
0	

4480	4664
1	0
0	

4480	4666
1	195987
195987	

4480	4695
1	0
0	

4480	4706
2	0
0	0	

4480	4806
1	89137
89137	

4480	4845
1	0
0	

4480	4856
4	49758
0	0	0	49758	

4480	4973
1	0
0	

4480	4977
1	0
0	

4480	5511
1	0
0	

4480	5537
1	0
0	

4480	5593
2	0
0	0	

4480	5716
1	0
0	

4480	5747
1	0
0	

4496	109
3	123610
0	0	123610	

4496	1351
1	48862
48862	

4496	1907
1	44336
44336	

4496	2400
4	154516
0	30990	43623	79903	

4496	2778
1	0
0	

4496	2954
1	0
0	

4496	4300
1	5991
5991	

4496	5511
2	0
0	0	

4506	493
1	0
0	

4506	3134
1	0
0	

4506	3361
1	0
0	

4532	741
1	88920
88920	

4532	2106
1	0
0	

4532	4148
1	0
0	

4532	4854
1	0
0	

4556	5
1	0
0	

4556	215
3	397281
0	0	397281	

4556	271
5	29698
0	0	0	0	29698	

4556	424
5	80174
0	0	0	4319	75855	

4556	455
1	0
0	

4556	546
1	0
0	

4556	566
2	372124
0	372124	

4556	582
2	0
0	0	

4556	626
1	0
0	

4556	651
6	120450
0	0	0	0	29937	90513	

4556	672
1	7619
7619	

4556	783
3	217896
0	78041	139855	

4556	835
1	0
0	

4556	1057
3	0
0	0	0	

4556	1073
1	4710
4710	

4556	1140
1	0
0	

4556	1152
3	0
0	0	0	

4556	1252
2	149411
0	149411	

4556	1494
1	0
0	

4556	1548
3	67903
0	0	67903	

4556	1561
1	0
0	

4556	1742
1	153346
153346	

4556	1944
3	76236
0	0	76236	

4556	1984
3	0
0	0	0	

4556	2057
5	302301
0	0	46680	105032	150589	

4556	2099
3	0
0	0	0	

4556	2106
1	0
0	

4556	2191
1	0
0	

4556	2259
1	0
0	

4556	2448
1	0
0	

4556	2526
1	0
0	

4556	2537
1	0
0	

4556	2539
1	0
0	

4556	2768
1	0
0	

4556	2778
1	0
0	

4556	2864
7	162634
6454	8093	12911	20519	21433	28458	64766	

4556	2934
2	0
0	0	

4556	2954
1	0
0	

4556	2977
1	16599
16599	

4556	3034
1	143116
143116	

4556	3108
1	0
0	

4556	3269
6	268189
0	0	0	0	31793	236396	

4556	3283
2	0
0	0	

4556	3300
1	0
0	

4556	3308
2	196906
0	196906	

4556	3324
1	0
0	

4556	3354
1	0
0	

4556	3358
2	0
0	0	

4556	3361
2	55230
0	55230	

4556	3495
5	243941
0	0	0	61489	182452	

4556	3617
1	55142
55142	

4556	3820
1	0
0	

4556	3850
1	0
0	

4556	3930
1	0
0	

4556	3948
1	0
0	

4556	3976
4	21011
0	0	0	21011	

4556	4013
1	0
0	

4556	4027
1	0
0	

4556	4049
2	0
0	0	

4556	4155
1	0
0	

4556	4233
2	154188
0	154188	

4556	4246
7	1943595
0	0	0	0	39070	119722	1784803	

4556	4306
1	0
0	

4556	4371
1	0
0	

4556	4496
1	0
0	

4556	4506
1	0
0	

4556	4567
1	0
0	

4556	4584
1	0
0	

4556	4616
1	0
0	

4556	4666
1	0
0	

4556	4669
2	133570
57043	76527	

4556	4671
1	0
0	

4556	4706
3	48894
0	0	48894	

4556	4756
12	493005
0	0	6509	11478	13206	16751	19039	23888	24369	73624	100946	203195	

4556	4830
1	0
0	

4556	4831
2	140808
31035	109773	

4556	4837
3	10781
0	0	10781	

4556	4867
5	10457
0	0	0	0	10457	

4556	4901
2	0
0	0	

4556	4912
4	108450
0	0	0	108450	

4556	4935
4	140363
0	0	0	140363	

4556	4999
2	0
0	0	

4556	5004
1	0
0	

4556	5255
2	0
0	0	

4556	5409
1	0
0	

4556	5537
1	0
0	

4556	5658
1	0
0	

4556	5775
1	0
0	

4562	965
1	0
0	

4562	2810
1	0
0	

4562	4041
1	42782
42782	

4584	2539
1	0
0	

4584	3324
1	0
0	

4584	3969
1	0
0	

4584	4882
1	34570
34570	

4598	387
1	131683
131683	

4598	546
1	0
0	

4598	721
1	60836
60836	

4598	1031
1	0
0	

4598	1176
1	0
0	

4598	2400
1	124457
124457	

4598	4480
1	0
0	

4598	4616
1	0
0	

4598	4845
1	0
0	

4598	4877
1	0
0	

4598	4961
1	0
0	

4598	5716
1	0
0	

4616	1150
1	0
0	

4616	2355
3	0
0	0	0	

4616	2692
1	154337
154337	

4616	3285
1	0
0	

4616	4254
1	12136
12136	

4616	4671
1	0
0	

4622	169
1	0
0	

4622	204
1	0
0	

4622	271
1	0
0	

4622	325
2	0
0	0	

4622	360
1	87476
87476	

4622	486
1	0
0	

4622	531
1	0
0	

4622	650
2	19986
0	19986	

4622	719
1	8541
8541	

4622	783
1	124861
124861	

4622	957
1	0
0	

4622	1176
2	3410
0	3410	

4622	1266
3	243903
32793	38037	173073	

4622	1284
1	51486
51486	

4622	1361
1	5232
5232	

4622	1592
1	0
0	

4622	1907
2	78214
0	78214	

4622	1938
1	0
0	

4622	1958
1	0
0	

4622	2099
1	0
0	

4622	2123
1	43530
43530	

4622	2149
1	0
0	

4622	2293
2	133089
48411	84678	

4622	2400
1	0
0	

4622	2448
1	0
0	

4622	2464
1	0
0	

4622	2592
1	0
0	

4622	2882
2	70892
0	70892	

4622	2934
1	0
0	

4622	2954
1	0
0	

4622	3108
1	0
0	

4622	3636
1	0
0	

4622	3678
1	81376
81376	

4622	3820
1	0
0	

4622	3930
7	1040111
0	21889	102236	109061	114925	146929	545071	

4622	4013
2	0
0	0	

4622	4068
1	0
0	

4622	4073
1	0
0	

4622	4142
1	0
0	

4622	4233
1	0
0	

4622	4246
1	32241
32241	

4622	4300
1	0
0	

4622	4416
1	0
0	

4622	4496
2	122691
0	122691	

4622	4671
1	0
0	

4622	4693
1	0
0	

4622	4750
1	0
0	

4622	4973
1	134605
134605	

4622	4991
1	214417
214417	

4622	5183
1	13761
13761	

4622	5363
1	0
0	

4622	5516
1	0
0	

4622	5537
1	0
0	

4622	5596
2	0
0	0	

4622	5617
1	0
0	

4623	1152
1	0
0	

4633	581
1	0
0	

4633	1372
3	33418
6937	7118	19363	

4633	3167
2	0
0	0	

4633	5597
3	155872
0	0	155872	

4642	527
1	0
0	

4642	532
1	0
0	

4642	1215
3	0
0	0	0	

4642	1938
1	0
0	

4642	4142
1	0
0	

4642	4431
1	0
0	

4648	694
1	71887
71887	

4648	3016
2	159664
0	159664	

4648	3416
1	49875
49875	

4664	1021
1	32803
32803	

4664	1878
1	0
0	

4664	2577
1	0
0	

4664	2912
2	0
0	0	

4664	2932
1	47302
47302	

4664	2977
1	0
0	

4664	3570
1	0
0	

4664	3636
1	37649
37649	

4664	4951
1	0
0	

4665	3727
1	0
0	

4665	4648
1	44330
44330	

4665	5044
1	15634
15634	

4666	325
1	0
0	

4666	414
1	0
0	

4666	1570
2	134858
0	134858	

4666	1928
2	120544
0	120544	

4666	2039
1	0
0	

4666	2778
1	0
0	

4666	5638
2	60294
0	60294	

4669	1970
2	81012
0	81012	

4669	2824
1	25450
25450	

4669	5758
1	0
0	

4671	41
1	0
0	

4671	169
2	165972
0	165972	

4671	182
1	0
0	

4671	387
2	0
0	0	

4671	422
1	0
0	

4671	486
1	0
0	

4671	524
1	0
0	

4671	560
1	10347
10347	

4671	581
1	0
0	

4671	651
3	0
0	0	0	

4671	727
1	0
0	

4671	741
1	0
0	

4671	835
1	0
0	

4671	851
1	0
0	

4671	931
2	0
0	0	

4671	1021
2	0
0	0	

4671	1031
1	0
0	

4671	1176
1	0
0	

4671	1183
1	73741
73741	

4671	1334
1	0
0	

4671	1372
2	164112
0	164112	

4671	1381
2	0
0	0	

4671	1720
1	0
0	

4671	1928
1	0
0	

4671	1944
1	0
0	

4671	1958
1	0
0	

4671	2036
1	0
0	

4671	2071
1	0
0	

4671	2152
1	0
0	

4671	2184
1	0
0	

4671	2191
2	0
0	0	

4671	2280
2	0
0	0	

4671	2380
1	96505
96505	

4671	2448
1	201093
201093	

4671	2499
2	0
0	0	

4671	2530
1	0
0	

4671	2577
1	0
0	

4671	2675
1	0
0	

4671	2677
1	121301
121301	

4671	2784
1	7503
7503	

4671	2869
1	0
0	

4671	2934
2	0
0	0	

4671	3034
1	0
0	

4671	3167
3	84488
0	0	84488	

4671	3237
1	0
0	

4671	3283
1	0
0	

4671	3354
1	0
0	

4671	3758
1	0
0	

4671	3850
1	0
0	

4671	4041
3	21602
0	0	21602	

4671	4142
2	0
0	0	

4671	4249
1	0
0	

4671	4265
2	126965
0	126965	

4671	4266
1	0
0	

4671	4306
1	0
0	

4671	4328
1	0
0	

4671	4431
1	0
0	

4671	4556
1	0
0	

4671	4616
1	0
0	

4671	4633
3	0
0	0	0	

4671	4642
2	123487
0	123487	

4671	4706
1	98970
98970	

4671	4750
2	0
0	0	

4671	4845
1	0
0	

4671	4850
1	0
0	

4671	4853
1	0
0	

4671	4854
2	0
0	0	

4671	4856
1	0
0	

4671	4901
1	0
0	

4671	4951
2	156022
0	156022	

4671	4959
1	0
0	

4671	4991
1	0
0	

4671	5061
1	0
0	

4671	5152
2	0
0	0	

4671	5297
1	0
0	

4671	5397
1	0
0	

4671	5505
1	0
0	

4671	5537
1	0
0	

4671	5597
1	0
0	

4671	5606
2	0
0	0	

4671	5687
1	0
0	

4671	5758
5	938337
0	72336	176329	192735	496937	

4676	531
1	0
0	

4676	1720
1	0
0	

4676	4103
1	0
0	

4693	81
1	0
0	

4693	360
2	90591
0	90591	

4693	769
1	0
0	

4693	2789
2	8280
0	8280	

4693	3364
1	0
0	

4695	1176
1	0
0	

4695	1183
4	245716
0	0	112907	132809	

4695	1514
1	0
0	

4695	2503
1	0
0	

4695	2526
3	0
0	0	0	

4695	2677
2	22141
9969	12172	

4695	2779
2	19523
0	19523	

4695	2862
1	0
0	

4695	3256
1	9070
9070	

4695	3300
5	417223
0	9944	78026	93904	235349	

4695	3790
1	0
0	

4695	3802
2	153393
0	153393	

4695	4496
1	93552
93552	

4695	4706
3	0
0	0	0	

4695	4766
1	107433
107433	

4695	5297
1	0
0	

4695	5447
1	0
0	

4695	5658
1	91023
91023	

4695	5687
1	0
0	

4695	5716
1	0
0	

4706	169
1	0
0	

4706	493
1	0
0	

4706	503
1	0
0	

4706	509
1	0
0	

4706	546
1	0
0	

4706	581
2	0
0	0	

4706	626
1	0
0	

4706	650
1	0
0	

4706	845
1	0
0	

4706	1017
1	0
0	

4706	1140
1	0
0	

4706	1143
1	0
0	

4706	1176
1	0
0	

4706	1348
1	0
0	

4706	1514
2	89864
0	89864	

4706	1720
1	0
0	

4706	1907
1	0
0	

4706	1938
1	0
0	

4706	1958
1	0
0	

4706	2126
1	0
0	

4706	2136
1	0
0	

4706	2191
1	0
0	

4706	2400
1	0
0	

4706	2489
1	0
0	

4706	2503
1	35233
35233	

4706	2526
1	0
0	

4706	2530
1	0
0	

4706	2577
1	208038
208038	

4706	2592
1	0
0	

4706	2869
1	0
0	

4706	2954
1	0
0	

4706	2977
2	87678
0	87678	

4706	3062
1	0
0	

4706	3167
1	0
0	

4706	3232
1	0
0	

4706	3300
2	0
0	0	

4706	3419
1	0
0	

4706	3790
1	0
0	

4706	3802
1	233015
233015	

4706	3840
1	0
0	

4706	3948
1	0
0	

4706	3996
1	19309
19309	

4706	4013
1	0
0	

4706	4480
1	0
0	

4706	4496
1	0
0	

4706	4616
1	8996
8996	

4706	4633
1	0
0	

4706	4671
1	0
0	

4706	4695
2	0
0	0	

4706	4845
1	0
0	

4706	5004
1	133796
133796	

4706	5152
1	0
0	

4706	5505
1	0
0	

4706	5511
1	0
0	

4706	5716
1	0
0	

4706	5747
1	0
0	

4706	5766
1	0
0	

4710	1381
1	110778
110778	

4710	2468
1	7990
7990	

4710	2677
1	26685
26685	

4710	2778
1	0
0	

4710	4977
1	6014
6014	

4710	5255
1	0
0	

4742	473
2	204192
0	204192	

4742	3961
2	0
0	0	

4742	5241
1	0
0	

4750	560
1	0
0	

4750	4884
1	0
0	

4750	4991
1	0
0	

4750	5758
3	133818
0	34068	99750	

4756	566
1	0
0	

4756	1984
1	0
0	

4756	3276
1	0
0	

4756	4867
2	0
0	0	

4769	1031
1	0
0	

4769	2675
1	0
0	

4769	3969
1	135022
135022	

4769	4850
1	0
0	

4769	4893
1	7964
7964	

4769	4961
1	0
0	

4769	5687
1	0
0	

4830	565
2	151349
0	151349	

4830	643
1	0
0	

4830	1602
1	0
0	

4830	2191
1	0
0	

4830	3043
1	0
0	

4830	3108
2	0
0	0	

4830	3354
1	0
0	

4830	3962
1	0
0	

4830	4049
1	0
0	

4830	4148
1	0
0	

4830	4961
1	60114
60114	

4830	5412
1	61899
61899	

4830	5656
1	0
0	

4831	4750
1	215072
215072	

4831	5656
1	0
0	

4837	1057
1	20383
20383	

4837	2448
1	67771
67771	

4837	3358
1	0
0	

4845	288
3	295307
0	121141	174166	

4845	524
1	66839
66839	

4845	760
1	138273
138273	

4845	893
1	0
0	

4845	1310
1	0
0	

4845	1492
1	0
0	

4845	2036
1	0
0	

4845	2136
3	281194
0	74716	206478	

4845	2184
1	0
0	

4845	2355
1	0
0	

4845	2675
1	0
0	

4845	3062
1	0
0	

4845	3285
2	0
0	0	

4845	3850
1	0
0	

4845	3948
1	0
0	

4845	3996
1	0
0	

4845	4027
1	0
0	

4845	4082
1	0
0	

4845	4261
1	0
0	

4845	4292
1	0
0	

4845	4616
2	111909
0	111909	

4845	4714
1	45430
45430	

4845	4786
2	0
0	0	

4845	4850
1	0
0	

4845	4853
2	137980
0	137980	

4845	5042
1	0
0	

4845	5397
1	0
0	

4845	5516
3	78707
0	0	78707	

4845	5596
2	29679
0	29679	

4850	532
1	0
0	

4850	760
1	77830
77830	

4850	893
1	5104
5104	

4850	948
1	0
0	

4850	1021
1	160185
160185	

4850	1266
1	0
0	

4850	1492
1	0
0	

4850	1878
1	0
0	

4850	2036
1	0
0	

4850	2280
1	0
0	

4850	2468
1	0
0	

4850	2675
1	0
0	

4850	3165
1	0
0	

4850	3190
1	0
0	

4850	3813
1	0
0	

4850	3820
1	0
0	

4850	4013
1	0
0	

4850	4071
1	0
0	

4850	4845
1	0
0	

4850	4877
1	0
0	

4850	5421
1	0
0	

4850	5674
1	0
0	

4853	288
2	144780
0	144780	

4853	1543
1	180299
180299	

4853	2136
1	49801
49801	

4853	2464
1	0
0	

4853	3079
1	11758
11758	

4853	4786
1	0
0	

4853	4845
1	0
0	

4853	5516
1	96054
96054	

4854	965
1	0
0	

4854	1021
1	0
0	

4854	1907
1	0
0	

4854	2144
1	0
0	

4854	3361
1	0
0	

4854	5412
1	0
0	

4854	5537
1	0
0	

4856	41
1	0
0	

4856	1411
1	0
0	

4856	1958
1	0
0	

4856	2882
1	100259
100259	

4867	566
2	0
0	0	

4867	1548
1	15952
15952	

4867	1592
2	0
0	0	

4867	1984
1	0
0	

4867	2866
1	0
0	

4867	3276
1	0
0	

4867	3495
3	0
0	0	0	

4867	3816
1	0
0	

4868	127
1	0
0	

4868	473
2	0
0	0	

4868	769
1	0
0	

4868	1411
4	68132
0	0	0	68132	

4868	1707
1	43001
43001	

4868	2757
1	0
0	

4868	2882
1	0
0	

4868	3364
1	0
0	

4868	4135
2	0
0	0	

4868	4261
3	53527
0	0	53527	

4868	5241
2	0
0	0	

4882	1310
1	0
0	

4882	3324
1	0
0	

4882	3850
1	0
0	

4898	3162
1	0
0	

4901	1570
3	0
0	0	0	

4901	2824
1	0
0	

4901	5004
1	0
0	

4901	5156
1	102626
102626	

4901	5719
1	0
0	

4907	763
1	0
0	

4907	2352
1	0
0	

4907	2537
1	0
0	

4911	631
1	9378
9378	

4911	719
1	0
0	

4911	769
1	9675
9675	

4911	941
2	0
0	0	

4911	1029
1	0
0	

4911	1031
1	0
0	

4911	1370
2	0
0	0	

4911	1779
1	0
0	

4911	2850
1	0
0	

4911	3108
1	108488
108488	

4911	3165
1	0
0	

4911	4049
1	0
0	

4911	4961
2	106518
35369	71149	

4911	5771
1	64988
64988	

4912	5606
1	0
0	

4912	5672
2	0
0	0	

4920	524
1	0
0	

4922	5
2	0
0	0	

4922	21
1	15220
15220	

4922	109
1	137944
137944	

4922	162
1	0
0	

4922	169
3	30176
0	7646	22530	

4922	195
2	90938
9615	81323	

4922	230
2	0
0	0	

4922	271
1	0
0	

4922	288
1	102755
102755	

4922	325
2	485406
24470	460936	

4922	360
1	0
0	

4922	387
3	84100
0	35647	48453	

4922	422
2	676713
59282	617431	

4922	424
2	37249
0	37249	

4922	436
2	114019
0	114019	

4922	478
1	31508
31508	

4922	486
3	95830
0	14406	81424	

4922	489
1	0
0	

4922	493
3	193411
0	12630	180781	

4922	503
1	0
0	

4922	509
1	0
0	

4922	524
1	0
0	

4922	527
1	0
0	

4922	531
1	24623
24623	

4922	546
1	0
0	

4922	560
1	0
0	

4922	566
1	0
0	

4922	581
2	81080
0	81080	

4922	625
1	186703
186703	

4922	626
1	0
0	

4922	631
2	15041
0	15041	

4922	643
3	199257
0	20398	178859	

4922	650
3	133110
0	31846	101264	

4922	651
1	0
0	

4922	672
2	98537
0	98537	

4922	721
1	0
0	

4922	727
2	0
0	0	

4922	741
1	0
0	

4922	760
3	264597
0	76047	188550	

4922	769
1	0
0	

4922	783
3	947772
0	146373	801399	

4922	835
3	132736
0	57660	75076	

4922	851
3	491967
0	90254	401713	

4922	856
1	0
0	

4922	893
3	92920
0	0	92920	

4922	931
1	45002
45002	

4922	948
2	33259
4933	28326	

4922	957
2	86496
0	86496	

4922	964
3	155371
0	42089	113282	

4922	965
3	394170
0	0	394170	

4922	1017
1	0
0	

4922	1021
1	120102
120102	

4922	1029
1	0
0	

4922	1031
2	574331
0	574331	

4922	1057
2	16391
0	16391	

4922	1073
1	89512
89512	

4922	1092
1	0
0	

4922	1143
1	57767
57767	

4922	1150
3	97700
0	21756	75944	

4922	1176
1	201908
201908	

4922	1183
1	0
0	

4922	1266
3	120270
0	33879	86391	

4922	1348
2	9975
0	9975	

4922	1381
1	0
0	

4922	1492
2	95528
31091	64437	

4922	1534
1	69272
69272	

4922	1543
1	114553
114553	

4922	1570
2	97960
0	97960	

4922	1602
1	0
0	

4922	1720
3	294603
0	0	294603	

4922	1754
2	317250
148666	168584	

4922	1775
2	0
0	0	

4922	1878
2	343640
133563	210077	

4922	1907
7	885141
0	0	94386	138734	164838	195012	292171	

4922	1937
1	106440
106440	

4922	1958
2	11790
0	11790	

4922	1970
1	178542
178542	

4922	1984
1	0
0	

4922	2036
1	85188
85188	

4922	2099
1	0
0	

4922	2106
3	311764
8673	92504	210587	

4922	2123
2	25706
0	25706	

4922	2136
1	0
0	

4922	2149
1	18346
18346	

4922	2152
2	0
0	0	

4922	2191
3	175029
0	34360	140669	

4922	2280
2	194356
53948	140408	

4922	2293
5	292007
4148	28207	80661	87046	91945	

4922	2308
1	90883
90883	

4922	2352
1	0
0	

4922	2355
1	0
0	

4922	2380
2	47094
0	47094	

4922	2448
1	82025
82025	

4922	2464
1	0
0	

4922	2468
1	0
0	

4922	2483
1	98977
98977	

4922	2503
1	0
0	

4922	2526
1	0
0	

4922	2537
1	83809
83809	

4922	2675
1	15370
15370	

4922	2778
1	0
0	

4922	2779
1	24674
24674	

4922	2789
1	0
0	

4922	2810
2	52484
0	52484	

4922	2824
1	0
0	

4922	2830
2	53264
0	53264	

4922	2869
3	44070
0	8030	36040	

4922	2882
2	138550
0	138550	

4922	2901
1	175727
175727	

4922	2911
1	34300
34300	

4922	2912
1	0
0	

4922	2934
3	141616
0	12300	129316	

4922	2954
2	0
0	0	

4922	2989
1	30189
30189	

4922	3034
1	0
0	

4922	3043
2	107083
0	107083	

4922	3134
1	0
0	

4922	3159
1	84620
84620	

4922	3162
2	88815
28434	60381	

4922	3167
3	149432
0	38669	110763	

4922	3173
1	45993
45993	

4922	3219
2	260315
113777	146538	

4922	3222
1	0
0	

4922	3237
1	0
0	

4922	3240
2	27025
0	27025	

4922	3269
1	0
0	

4922	3283
1	45909
45909	

4922	3300
1	0
0	

4922	3324
2	456332
45927	410405	

4922	3354
2	79730
0	79730	

4922	3357
1	0
0	

4922	3358
1	0
0	

4922	3364
2	0
0	0	

4922	3414
2	60097
0	60097	

4922	3495
1	0
0	

4922	3641
1	0
0	

4922	3664
1	47085
47085	

4922	3675
1	123224
123224	

4922	3758
1	20973
20973	

4922	3802
1	0
0	

4922	3812
1	0
0	

4922	3820
1	0
0	

4922	3840
2	135702
0	135702	

4922	3850
2	72917
0	72917	

4922	3930
10	1649839
0	4969	16214	25666	30261	123428	141580	271041	388289	648391	

4922	3948
2	67922
0	67922	

4922	3961
1	98772
98772	

4922	3962
1	0
0	

4922	3969
2	30375
0	30375	

4922	3976
1	0
0	

4922	3984
2	15657
0	15657	

4922	3996
2	171435
0	171435	

4922	4013
3	39555
0	0	39555	

4922	4027
1	0
0	

4922	4041
1	125520
125520	

4922	4049
1	72687
72687	

4922	4068
1	0
0	

4922	4071
1	0
0	

4922	4073
2	169743
0	169743	

4922	4103
2	0
0	0	

4922	4135
1	0
0	

4922	4142
3	262763
0	50620	212143	

4922	4148
3	293978
0	16605	277373	

4922	4155
2	124685
0	124685	

4922	4233
1	0
0	

4922	4246
1	0
0	

4922	4265
1	102540
102540	

4922	4300
2	5326
0	5326	

4922	4328
3	310691
0	152623	158068	

4922	4371
1	0
0	

4922	4375
1	33798
33798	

4922	4404
1	41715
41715	

4922	4407
2	103686
0	103686	

4922	4416
1	0
0	

4922	4431
2	0
0	0	

4922	4480
3	220069
0	83774	136295	

4922	4496
1	137427
137427	

4922	4506
2	75650
0	75650	

4922	4556
2	66657
0	66657	

4922	4567
3	64866
0	0	64866	

4922	4584
1	0
0	

4922	4616
1	144407
144407	

4922	4623
1	0
0	

4922	4642
1	0
0	

4922	4664
1	0
0	

4922	4666
2	0
0	0	

4922	4671
1	0
0	

4922	4676
2	0
0	0	

4922	4693
1	0
0	

4922	4695
4	347927
0	65410	120510	162007	

4922	4706
2	111795
0	111795	

4922	4714
1	130234
130234	

4922	4750
2	62669
0	62669	

4922	4831
2	160051
45773	114278	

4922	4837
1	135839
135839	

4922	4845
2	26911
0	26911	

4922	4854
1	219022
219022	

4922	4856
1	0
0	

4922	4867
3	116255
23881	40465	51909	

4922	4877
2	37687
0	37687	

4922	4893
1	15910
15910	

4922	4898
1	46587
46587	

4922	4901
1	69811
69811	

4922	4912
2	100734
0	100734	

4922	4920
1	0
0	

4922	4935
1	0
0	

4922	4959
3	352021
0	29794	322227	

4922	4961
2	0
0	0	

4922	4973
1	0
0	

4922	4977
2	110615
0	110615	

4922	4991
2	40359
0	40359	

4922	5004
3	192426
27114	77109	88203	

4922	5006
2	0
0	0	

4922	5021
1	9117
9117	

4922	5061
1	254793
254793	

4922	5082
2	0
0	0	

4922	5134
1	0
0	

4922	5152
1	167215
167215	

4922	5183
2	46413
0	46413	

4922	5208
1	0
0	

4922	5241
2	271063
0	271063	

4922	5255
1	20967
20967	

4922	5256
1	102921
102921	

4922	5280
2	0
0	0	

4922	5297
3	130324
0	0	130324	

4922	5330
3	49568
0	16137	33431	

4922	5331
1	0
0	

4922	5382
1	85510
85510	

4922	5412
1	0
0	

4922	5421
1	68853
68853	

4922	5471
4	177254
0	0	74763	102491	

4922	5511
1	109418
109418	

4922	5537
3	24535
0	0	24535	

4922	5596
3	188455
0	0	188455	

4922	5606
2	12608
0	12608	

4922	5615
1	233858
233858	

4922	5617
1	0
0	

4922	5647
4	228079
0	0	70553	157526	

4922	5656
1	0
0	

4922	5658
4	960156
0	6364	199165	754627	

4922	5671
1	0
0	

4922	5674
1	0
0	

4922	5716
1	0
0	

4922	5766
1	0
0	

4922	5771
2	46038
0	46038	

4935	3361
1	0
0	

4935	3976
1	51637
51637	

4935	4306
1	6265
6265	

4935	4567
1	53977
53977	

4951	182
1	0
0	

4951	1720
1	0
0	

4951	2810
2	41684
0	41684	

4951	3190
2	288617
0	288617	

4951	3570
2	0
0	0	

4951	4671
1	0
0	

4951	5421
1	0
0	

4951	5747
1	241122
241122	

4959	21
1	110822
110822	

4959	41
1	0
0	

4959	151
1	0
0	

4959	194
2	14714
0	14714	

4959	325
1	0
0	

4959	560
2	102425
0	102425	

4959	1570
1	0
0	

4959	1779
1	0
0	

4959	2152
1	0
0	

4959	2448
1	0
0	

4959	2735
2	78171
28342	49829	

4959	2778
1	0
0	

4959	2824
1	0
0	

4959	2989
1	0
0	

4959	3043
1	0
0	

4959	3108
1	0
0	

4959	3268
1	0
0	

4959	3354
2	24117
0	24117	

4959	3595
1	0
0	

4959	3641
1	0
0	

4959	4033
1	60478
60478	

4959	4219
1	0
0	

4959	4233
1	0
0	

4959	4556
1	43722
43722	

4959	4666
1	0
0	

4959	4831
1	211977
211977	

4959	4991
1	0
0	

4959	5537
1	0
0	

4959	5719
1	0
0	

4961	387
1	0
0	

4961	414
1	0
0	

4961	1176
1	0
0	

4961	1878
1	0
0	

4961	1907
1	0
0	

4961	2036
1	0
0	

4961	2280
4	153294
0	23556	45527	84211	

4961	2675
3	102284
0	0	102284	

4961	3134
1	0
0	

4961	3237
1	0
0	

4961	3820
1	0
0	

4961	3930
1	113313
113313	

4961	4041
1	0
0	

4961	4584
1	0
0	

4961	4671
1	17158
17158	

4961	4845
1	0
0	

4961	5479
1	59051
59051	

4961	5537
2	0
0	0	

4977	174
2	0
0	0	

4977	626
1	0
0	

4977	893
2	0
0	0	

4977	1775
2	7314
0	7314	

4977	2355
2	0
0	0	

4977	2464
3	0
0	0	0	

4977	2564
4	134090
0	0	0	134090	

4977	3034
1	9238
9238	

4977	5183
3	37411
0	0	37411	

4977	5505
2	107440
0	107440	

4977	5647
1	0
0	

4991	1602
1	0
0	

4991	1970
1	0
0	

4991	3173
1	0
0	

4991	5280
1	0
0	

4999	271
1	0
0	

4999	1984
1	0
0	

5004	1570
1	0
0	

5004	3134
1	28334
28334	

5004	4901
2	0
0	0	

5004	5435
1	0
0	

5006	387
1	0
0	

5006	626
1	0
0	

5006	1143
2	0
0	0	

5006	1176
1	98039
98039	

5006	1310
1	0
0	

5006	2331
1	129224
129224	

5006	3237
1	0
0	

5006	3354
1	0
0	

5006	4532
1	0
0	

5006	4584
2	54852
0	54852	

5006	5132
1	261624
261624	

5006	5415
1	0
0	

5006	5771
1	57192
57192	

5021	4155
1	0
0	

5021	4506
1	12118
12118	

5021	5061
1	25535
25535	

5042	1492
1	0
0	

5042	2784
1	0
0	

5042	3237
1	0
0	

5042	5152
1	0
0	

5044	618
3	32388
0	4232	28156	

5044	691
3	96848
6157	8160	82531	

5044	694
3	293794
29851	81840	182103	

5044	2459
6	551719
0	30009	33714	108759	134979	244258	

5044	3016
3	225685
38947	79881	106857	

5044	3395
3	137476
17082	20603	99791	

5044	3416
3	443285
33428	162842	247015	

5044	3611
4	11640
0	0	0	11640	

5044	3727
3	339801
0	149518	190283	

5044	3873
2	177801
86908	90893	

5044	4059
3	218369
6347	88205	123817	

5044	4648
3	153941
0	66078	87863	

5044	4665
8	739868
38190	41766	52823	63044	66475	115419	115659	246492	

5044	5320
4	308827
10932	35188	106603	156104	

5044	5744
2	114101
0	114101	

5061	2380
1	0
0	

5061	3020
2	72278
0	72278	

5061	4103
1	0
0	

5061	4142
2	0
0	0	

5061	4951
1	0
0	

5061	5421
2	53634
0	53634	

5061	5687
1	0
0	

5134	1381
1	0
0	

5134	2071
1	0
0	

5134	2830
1	0
0	

5134	2911
1	0
0	

5134	4898
1	0
0	

5152	2784
1	0
0	

5153	1602
1	0
0	

5153	1928
1	0
0	

5153	3354
1	0
0	

5153	4666
1	0
0	

5208	835
1	0
0	

5208	1021
1	361082
361082	

5208	1031
1	0
0	

5208	1878
1	0
0	

5208	2149
2	88463
29607	58856	

5208	2191
1	0
0	

5208	2468
1	0
0	

5208	3240
1	0
0	

5208	3749
1	207005
207005	

5208	4013
1	128221
128221	

5208	4082
1	0
0	

5208	4845
1	6307
6307	

5208	4973
1	0
0	

5208	5061
1	128968
128968	

5208	5771
1	41707
41707	

5241	127
1	0
0	

5241	473
1	0
0	

5241	509
1	0
0	

5241	4261
1	0
0	

5255	651
2	0
0	0	

5255	672
6	211596
0	0	0	22184	35246	154166	

5255	893
1	0
0	

5255	2008
1	0
0	

5255	2448
1	0
0	

5255	3790
2	0
0	0	

5255	4300
1	0
0	

5255	4999
1	0
0	

5255	5471
2	0
0	0	

5255	5596
1	0
0	

5256	936
1	0
0	

5256	3894
3	9009
0	0	9009	

5297	3790
2	24560
0	24560	

5330	2915
1	0
0	

5330	4710
1	129672
129672	

5331	325
1	0
0	

5331	2530
1	0
0	

5331	2567
1	0
0	

5363	2499
1	0
0	

5363	2735
1	137533
137533	

5363	3324
1	0
0	

5363	4850
1	0
0	

5366	81
1	0
0	

5382	1150
1	0
0	

5382	2144
1	0
0	

5382	4676
1	0
0	

5397	9
1	11374
11374	

5397	760
1	0
0	

5397	835
2	13198
0	13198	

5397	948
1	0
0	

5397	1310
1	0
0	

5397	1878
1	0
0	

5397	2692
1	56407
56407	

5397	2830
1	0
0	

5397	3043
1	0
0	

5397	3617
1	16447
16447	

5397	3749
1	208535
208535	

5397	3820
1	0
0	

5397	3850
2	2910
0	2910	

5397	4049
1	0
0	

5397	4676
1	0
0	

5397	4695
1	0
0	

5397	4706
1	0
0	

5397	4769
1	68488
68488	

5397	4893
1	36549
36549	

5397	5471
1	0
0	

5397	5674
1	0
0	

5409	422
1	99767
99767	

5409	424
1	0
0	

5409	701
1	0
0	

5409	741
1	0
0	

5409	835
1	0
0	

5409	845
1	5945
5945	

5409	1029
1	0
0	

5409	1176
1	0
0	

5409	1348
1	0
0	

5409	1370
1	0
0	

5409	1630
1	0
0	

5409	1720
2	0
0	0	

5409	1754
1	12066
12066	

5409	2191
1	0
0	

5409	3020
1	0
0	

5409	3162
1	0
0	

5409	3165
1	0
0	

5409	3678
1	0
0	

5409	3768
1	0
0	

5409	4371
1	0
0	

5409	4882
1	0
0	

5421	3190
2	128673
0	128673	

5421	4951
2	0
0	0	

5421	5747
1	0
0	

5435	151
1	0
0	

5435	768
1	83543
83543	

5435	2567
1	47907
47907	

5435	5638
2	192523
28865	163658	

5447	1017
1	0
0	

5447	1183
1	0
0	

5447	1518
1	40148
40148	

5447	2489
1	133491
133491	

5447	2503
1	0
0	

5447	2677
1	0
0	

5447	2778
1	0
0	

5447	2912
1	0
0	

5447	2932
1	5851
5851	

5447	2954
1	0
0	

5447	3300
1	46873
46873	

5447	3570
1	0
0	

5447	3790
3	0
0	0	0	

5447	4148
1	0
0	

5447	4695
1	0
0	

5447	4706
1	0
0	

5447	5021
1	0
0	

5447	5409
1	86352
86352	

5447	5687
1	0
0	

5471	288
2	0
0	0	

5471	422
1	0
0	

5471	503
1	0
0	

5471	581
1	0
0	

5471	760
1	0
0	

5471	763
1	50994
50994	

5471	768
1	48290
48290	

5471	893
2	0
0	0	

5471	1031
1	0
0	

5471	1089
1	0
0	

5471	1150
1	0
0	

5471	1266
1	0
0	

5471	1348
1	0
0	

5471	1742
1	0
0	

5471	1878
1	0
0	

5471	2036
2	23252
10284	12968	

5471	2180
1	0
0	

5471	2464
1	0
0	

5471	2539
5	17985
0	0	0	2776	15209	

5471	2842
1	0
0	

5471	2911
1	0
0	

5471	3062
1	5043
5043	

5471	3159
1	0
0	

5471	3219
4	22347
0	0	9814	12533	

5471	3495
1	0
0	

5471	3749
1	0
0	

5471	3816
1	0
0	

5471	3948
1	0
0	

5471	4027
1	0
0	

5471	4103
1	0
0	

5471	4148
1	96816
96816	

5471	4210
1	0
0	

5471	4265
4	18723
0	0	0	18723	

5471	4300
3	0
0	0	0	

5471	4562
1	27829
27829	

5471	4616
1	0
0	

5471	4961
1	13103
13103	

5471	5042
1	0
0	

5471	5256
1	0
0	

5471	5412
1	0
0	

5471	5516
1	0
0	

5471	5537
2	0
0	0	

5471	5596
2	0
0	0	

5471	5671
2	0
0	0	

5471	5775
1	0
0	

5479	4877
1	0
0	

5479	5739
2	0
0	0	

5505	4977
1	0
0	

5505	5183
1	0
0	

5511	109
3	509386
0	113006	396380	

5511	1514
1	11469
11469	

5511	4496
1	0
0	

5511	4706
1	0
0	

5511	5297
1	0
0	

5511	5766
1	0
0	

5516	4845
1	0
0	

5537	151
1	0
0	

5537	169
1	0
0	

5537	194
1	0
0	

5537	204
1	0
0	

5537	325
1	0
0	

5537	387
3	0
0	0	0	

5537	414
1	129677
129677	

5537	424
2	0
0	0	

5537	493
1	0
0	

5537	625
1	120215
120215	

5537	626
1	0
0	

5537	651
1	0
0	

5537	721
2	30779
0	30779	

5537	727
1	0
0	

5537	741
1	0
0	

5537	851
2	0
0	0	

5537	931
1	148038
148038	

5537	936
1	0
0	

5537	957
2	110081
17347	92734	

5537	1031
1	20243
20243	

5537	1058
1	0
0	

5537	1150
1	78779
78779	

5537	1266
1	0
0	

5537	1534
1	24532
24532	

5537	1539
2	107437
0	107437	

5537	1561
2	166932
0	166932	

5537	1570
1	0
0	

5537	1775
1	0
0	

5537	1786
1	25231
25231	

5537	1803
1	13024
13024	

5537	1878
1	0
0	

5537	1907
1	0
0	

5537	2692
1	88417
88417	

5537	2819
1	0
0	

5537	2850
1	0
0	

5537	2882
1	19301
19301	

5537	2934
2	0
0	0	

5537	3034
3	0
0	0	0	

5537	3062
1	96435
96435	

5537	3108
1	0
0	

5537	3159
1	0
0	

5537	3165
1	0
0	

5537	3528
1	0
0	

5537	3820
1	0
0	

5537	3850
1	0
0	

5537	3930
2	97503
0	97503	

5537	4041
1	0
0	

5537	4103
1	0
0	

5537	4249
1	19895
19895	

5537	4254
1	0
0	

5537	4306
1	0
0	

5537	4623
1	85855
85855	

5537	4666
1	0
0	

5537	4671
1	0
0	

5537	4695
1	0
0	

5537	4700
1	130801
130801	

5537	4706
1	0
0	

5537	4831
1	225581
225581	

5537	4850
1	0
0	

5537	4959
1	0
0	

5537	4961
1	4962
4962	

5537	4973
1	0
0	

5537	4977
1	28221
28221	

5537	4991
1	56621
56621	

5537	5021
2	0
0	0	

5537	5412
3	217112
0	80672	136440	

5537	5471
2	38419
0	38419	

5537	5596
1	0
0	

5537	5597
1	0
0	

5537	5687
2	27108
2841	24267	

5537	5739
1	325757
325757	

5537	5775
1	0
0	

5574	1970
1	23515
23515	

5574	2071
1	0
0	

5574	2771
1	0
0	

5574	2778
1	0
0	

5574	2830
1	53557
53557	

5574	2911
1	0
0	

5574	5134
2	0
0	0	

5593	81
1	0
0	

5593	387
1	0
0	

5593	473
2	0
0	0	

5593	509
1	0
0	

5593	1334
1	0
0	

5593	4706
1	0
0	

5596	81
1	0
0	

5596	174
1	27034
27034	

5596	204
1	0
0	

5596	478
2	0
0	0	

5596	493
2	0
0	0	

5596	509
1	0
0	

5596	625
1	119982
119982	

5596	626
1	0
0	

5596	721
1	0
0	

5596	851
1	0
0	

5596	964
1	0
0	

5596	965
1	0
0	

5596	1073
1	0
0	

5596	1089
1	0
0	

5596	1381
2	0
0	0	

5596	1439
2	31830
0	31830	

5596	1539
1	0
0	

5596	1561
1	52982
52982	

5596	1570
1	0
0	

5596	1878
1	0
0	

5596	2039
1	0
0	

5596	2057
1	80879
80879	

5596	2144
1	0
0	

5596	2464
1	0
0	

5596	2526
1	0
0	

5596	2977
1	0
0	

5596	3233
1	0
0	

5596	3357
1	182591
182591	

5596	3414
1	0
0	

5596	3850
1	0
0	

5596	3930
1	73612
73612	

5596	3969
1	0
0	

5596	3976
2	190737
35519	155218	

5596	3996
2	328423
0	328423	

5596	4013
1	0
0	

5596	4082
3	18542
0	0	18542	

5596	4103
1	0
0	

5596	4148
1	0
0	

5596	4155
1	44507
44507	

5596	4292
3	369580
0	141196	228384	

5596	4416
1	20835
20835	

5596	4496
3	85675
0	0	85675	

5596	4506
2	0
0	0	

5596	4567
1	0
0	

5596	4616
1	0
0	

5596	4642
3	0
0	0	0	

5596	4706
1	0
0	

5596	4806
1	0
0	

5596	4959
1	0
0	

5596	5021
1	0
0	

5596	5042
1	0
0	

5596	5330
1	0
0	

5596	5366
1	0
0	

5596	5382
1	0
0	

5596	5471
1	0
0	

5596	5479
1	64270
64270	

5596	5537
2	0
0	0	

5596	5606
1	0
0	

5596	5671
2	11300
0	11300	

5596	5775
1	0
0	

5597	3167
1	0
0	

5597	4633
1	0
0	

5606	4912
2	0
0	0	

5637	1492
1	152002
152002	

5637	2912
1	0
0	

5637	2932
1	66896
66896	

5637	4951
1	0
0	

5647	5183
1	77042
77042	

5647	5505
1	119660
119660	

5656	520
1	0
0	

5656	1031
1	0
0	

5656	1534
1	59335
59335	

5656	2152
1	0
0	

5656	2830
1	5974
5974	

5656	2911
1	90520
90520	

5656	3135
1	24524
24524	

5656	3162
1	0
0	

5656	3268
1	0
0	

5656	3354
1	0
0	

5656	3894
1	0
0	

5656	4219
1	0
0	

5656	5256
1	0
0	

5656	5415
3	0
0	0	0	

5658	3802
1	0
0	

5671	835
1	0
0	

5671	1143
1	0
0	

5671	2912
1	0
0	

5671	3079
1	0
0	

5671	3570
1	0
0	

5672	5687
1	52584
52584	

5674	948
4	0
0	0	0	0	

5674	2499
1	0
0	

5674	3813
1	0
0	

5674	4071
1	0
0	

5674	5415
1	0
0	

5687	325
1	160102
160102	

5687	503
1	0
0	

5687	851
1	0
0	

5687	893
1	0
0	

5687	1021
1	0
0	

5687	1089
1	0
0	

5687	1150
1	9577
9577	

5687	1381
1	0
0	

5687	1568
1	5553
5553	

5687	2757
1	232057
232057	

5687	2862
1	0
0	

5687	2869
1	0
0	

5687	2901
1	89117
89117	

5687	2977
1	0
0	

5687	3040
1	102524
102524	

5687	3237
1	0
0	

5687	3300
1	152948
152948	

5687	3357
1	0
0	

5687	3930
1	0
0	

5687	4346
1	238684
238684	

5687	4706
1	0
0	

5687	4750
1	0
0	

5687	4806
1	0
0	

5687	4831
1	143104
143104	

5687	4845
1	142277
142277	

5687	4893
2	105134
6571	98563	

5687	5153
1	62407
62407	

5687	5435
1	0
0	

5687	5606
1	0
0	

5687	5672
1	0
0	

5716	2106
1	75192
75192	

5716	3840
1	49387
49387	

5716	4480
1	0
0	

5716	4532
1	30741
30741	

5719	1570
1	0
0	

5719	3173
1	0
0	

5719	3354
1	8176
8176	

5719	4901
1	0
0	

5719	4959
1	0
0	

5739	2352
1	0
0	

5744	694
1	0
0	

5744	1754
1	13804
13804	

5744	2459
1	0
0	

5744	3611
1	0
0	

5744	4665
1	81207
81207	

5747	182
4	0
0	0	0	0	

5747	3034
2	0
0	0	

5747	3190
3	263213
0	74551	188662	

5758	3173
1	0
0	

5766	109
1	0
0	

5771	195
1	0
0	

5771	727
1	0
0	

5771	741
1	54446
54446	

5771	835
1	0
0	

5771	851
1	0
0	

5771	948
1	0
0	

5771	1021
1	0
0	

5771	1775
1	98729
98729	

5771	2071
1	0
0	

5771	2152
1	0
0	

5771	2191
1	0
0	

5771	2400
1	12983
12983	

5771	2448
1	0
0	

5771	2483
1	0
0	

5771	2784
1	18681
18681	

5771	3361
1	91990
91990	

5771	3850
1	0
0	

5771	4328
1	0
0	

5771	4584
1	137999
137999	

5771	4671
1	0
0	

5771	4922
1	0
0	

5771	5152
1	0
0	

5771	5255
1	0
0	

5771	5597
1	0
0	

5775	478
1	0
0	

5775	721
1	0
0	

5775	727
1	0
0	

5775	741
1	0
0	

5775	1021
1	0
0	

5775	1561
1	0
0	

5775	1775
1	0
0	

5775	1878
1	0
0	

5775	2355
1	0
0	

5775	2468
1	4923
4923	

5775	3020
1	0
0	

5775	3268
1	0
0	

5775	3357
1	0
0	

5775	3930
1	0
0	

5775	4013
1	0
0	

5775	4071
1	0
0	

5775	4082
1	0
0	

5775	4234
1	0
0	

5775	4300
1	88703
88703	

5775	4306
2	37169
0	37169	

5775	4506
1	0
0	

5775	4616
1	0
0	

5775	4786
1	0
0	

5775	4845
1	46501
46501	

5775	4850
2	52974
0	52974	

5775	4973
1	0
0	

5775	4977
1	0
0	

5775	5021
1	0
0	

5775	5255
1	0
0	

5775	5330
1	0
0	

5775	5412
1	0
0	

5775	5537
1	0
0	

