717	3180
1	111323
111323	

717	4055
2	143003
71202	71801	

717	4255
2	43161
17763	25398	

717	4361
1	22117
22117	

2741	717
2	13138
0	13138	

2741	3180
3	83553
11054	11649	60850	

2741	4055
3	228419
37419	72881	118119	

2741	5396
1	224714
224714	

2741	5498
1	43031
43031	

4255	2741
2	15203
0	15203	

4255	3180
6	501614
22652	23269	67943	103384	129823	154543	

4255	4055
3	211766
15009	68138	128619	

4255	4361
2	135405
16083	119322	

4255	5396
2	44774
21612	23162	

4255	5498
3	161531
39498	48238	73795	

4255	5616
3	114528
11999	15512	87017	

4361	2741
1	0
0	

4361	3180
3	111440
12726	46153	52561	

4361	4255
2	32789
12002	20787	

4361	5396
1	21885
21885	

4361	5498
2	117437
46846	70591	

4361	5616
1	17664
17664	

5396	717
4	163362
15222	30661	34656	82823	

5396	3180
2	112923
11996	100927	

5396	4055
1	50957
50957	

5396	5498
1	41154
41154	

5396	5616
1	44458
44458	

5616	717
1	20642
20642	

5616	2741
1	14424
14424	

5616	3180
5	124074
10440	10720	10741	45590	46583	

5616	4055
3	52297
14445	16724	21128	

5616	4255
2	44224
6502	37722	

5616	4361
1	23970
23970	

5616	5396
2	50202
6756	43446	

5616	5498
3	61312
5221	17240	38851	

