947	3553
1	0
0	

947	3565
2	0
0	0	

947	5461
2	11626
5461	6165	

1081	2196
1	51435
51435	

1081	3638
2	0
0	0	

1081	4309
1	16827
16827	

1081	5289
1	10450
10450	

1081	5461
1	6075
6075	

2196	947
2	0
0	0	

2196	3553
2	0
0	0	

2196	3565
1	0
0	

2196	4309
1	23029
23029	

2196	5289
1	11150
11150	

3553	947
1	0
0	

3553	2196
1	0
0	

3553	3565
1	0
0	

3553	4309
1	323247
323247	

3553	5461
1	8758
8758	

3565	947
1	0
0	

3565	3638
1	0
0	

3565	5461
1	5680
5680	

3638	2196
2	18664
0	18664	

3638	3553
2	0
0	0	

3638	5461
1	4792
4792	

4309	1081
1	0
0	

4309	2196
1	0
0	

4309	5289
2	35784
0	35784	

4309	5461
1	0
0	

5289	2196
1	0
0	

5289	3553
1	0
0	

5289	3565
1	0
0	

5289	4309
4	69701
0	0	26749	42952	

5289	5461
2	13401
5093	8308	

5461	1081
1	38293
38293	

5461	2196
2	40062
11911	28151	

5461	3638
1	0
0	

5461	4309
3	32775
4641	7103	21031	

5461	5289
2	23596
3489	20107	

