1756	106
7	903849
18002	41058	93542	133222	134004	164463	319558	

1756	505
10	1035598
49456	67379	72308	82548	84598	102018	105036	122223	164269	185763	

1756	989
9	486251
11711	12075	14805	17470	21738	34483	78274	122751	172944	

1756	1892
4	500077
42663	45675	90884	320855	

1756	2543
7	463383
22625	50882	63171	71947	77280	79823	97655	

1756	2822
9	1312879
58370	74847	80585	83173	100390	109612	110668	291689	403545	

1756	3133
5	1119568
94468	122843	153962	156911	591384	

1756	3257
11	578512
5019	19219	21249	22895	41374	44980	51141	73669	73913	103408	121645	

1756	3374
13	984771
13971	17521	20395	23527	34871	41595	50949	87058	89582	92321	133323	169076	210582	

1756	3492
13	1349401
11724	35764	40938	56137	67141	69289	94637	119310	125203	141456	184851	189207	213744	

1756	3929
10	334249
9944	21671	23349	24619	24909	26223	27373	29593	32816	113752	

1756	3931
9	776171
13898	15205	31583	32663	33700	35857	44564	159345	409356	

1756	4779
11	822070
24736	29552	32978	45787	52816	53238	65051	65225	76944	114200	261543	

1756	5114
10	896955
54274	55397	59721	64307	66453	86637	96356	104160	104417	205233	

1756	5337
2	137672
24889	112783	

1756	5391
13	1027120
15732	22195	29646	37330	50453	53654	54636	71474	83267	86162	94030	178166	250375	

1756	5411
7	558812
12139	19790	27146	48061	58159	77246	316271	

1756	5423
4	234704
31208	35755	39388	128353	

2073	817
1	139754
139754	

2073	1111
1	458600
458600	

2073	2471
1	131794
131794	

2073	2776
1	101274
101274	

2073	4045
1	291743
291743	

2073	5369
1	91592
91592	

2073	5677
1	51944
51944	

2543	505
1	122016
122016	

2543	2822
1	65384
65384	

2543	3374
1	116009
116009	

2543	3492
1	42508
42508	

2543	3929
1	26779
26779	

2543	5337
1	0
0	

2543	5391
1	115650
115650	

2543	5411
1	12232
12232	

2543	5423
1	21281
21281	

2666	1314
1	0
0	

2721	106
1	192913
192913	

2721	1207
3	109488
0	17120	92368	

2721	1314
1	12727
12727	

2721	1756
1	18590
18590	

2721	1892
1	28639
28639	

2721	2073
3	241804
0	112810	128994	

2721	2441
1	0
0	

2721	2471
3	230819
2550	97181	131088	

2721	2666
1	20265
20265	

2721	3133
8	762633
13446	23805	38376	44576	125282	159505	168313	189330	

2721	3257
6	356803
0	16015	39750	58412	91195	151431	

2721	4045
1	16839
16839	

2721	4779
3	158447
44548	47539	66360	

2721	5114
1	4954
4954	

2721	5411
1	44798
44798	

2721	5677
1	46547
46547	

2776	817
2	310574
0	310574	

2776	1111
2	190519
49141	141378	

2776	1207
1	103333
103333	

2776	1314
3	48249
11676	14887	21686	

2776	2073
1	36068
36068	

2776	2441
2	47648
0	47648	

2776	2471
3	265361
16936	103086	145339	

2776	2666
1	126060
126060	

2776	4045
1	209462
209462	

2776	5369
4	246232
14859	20199	103223	107951	

2776	5677
1	89941
89941	

3257	106
1	71704
71704	

3257	505
1	116231
116231	

3257	1756
1	25667
25667	

3257	1892
1	48434
48434	

3257	2543
1	231026
231026	

3257	3374
1	39733
39733	

3257	5337
1	48805
48805	

3257	5411
1	44958
44958	

3257	5423
1	34486
34486	

3374	106
1	21483
21483	

3374	505
2	45922
0	45922	

3374	989
1	13707
13707	

3374	1756
3	85491
17107	26517	41867	

3374	1892
2	107538
25119	82419	

3374	2543
5	321510
24141	55117	70576	73840	97836	

3374	2822
1	59482
59482	

3374	3257
2	279424
108907	170517	

3374	3492
1	81594
81594	

3374	3929
1	26457
26457	

3374	3931
3	57658
13075	13982	30601	

3374	4779
5	295241
15531	50565	50795	59332	119018	

3374	5114
4	217582
52010	53382	54684	57506	

3374	5337
1	0
0	

3374	5391
1	35686
35686	

3374	5411
3	72088
7404	20484	44200	

3374	5423
4	119145
21886	24334	36335	36590	

4045	817
8	617008
14763	15001	18808	20680	23330	58788	210723	254915	

4045	1111
4	604405
59351	101359	186866	256829	

4045	1207
6	455338
0	16839	28495	93366	113534	203104	

4045	1314
3	169586
26019	39106	104461	

4045	2073
5	341702
19498	20835	44533	82014	174822	

4045	2441
6	888114
20352	24278	33552	57821	205085	547026	

4045	2471
3	213625
30151	82463	101011	

4045	2666
4	1672193
102784	112829	117354	1339226	

4045	2776
5	209675
16500	21412	27945	35780	108038	

4045	5369
7	379902
11273	25269	38603	42489	69560	73254	119454	

4045	5677
8	522391
26175	26327	35466	36244	44154	68702	140185	145138	

4779	106
1	108871
108871	

4779	505
1	106021
106021	

4779	1756
2	50772
16300	34472	

4779	1892
1	29567
29567	

4779	2543
2	206274
70479	135795	

4779	3133
1	179367
179367	

4779	3257
2	125333
48498	76835	

4779	3374
3	63462
0	19559	43903	

4779	3492
3	108373
0	42266	66107	

4779	3929
2	56603
27350	29253	

4779	3931
2	34607
16808	17799	

4779	5114
1	76924
76924	

4779	5337
1	26562
26562	

4779	5391
2	392191
148968	243223	

4779	5411
1	29261
29261	

5369	817
16	1917613
0	12293	14828	58129	69428	69945	77958	134631	138550	143508	150660	152188	158654	210228	233781	292832	

5369	1111
10	1917679
22664	89966	95409	100529	106132	107829	123977	270466	327494	673213	

5369	1207
14	1829924
30433	30472	47679	75979	77696	84965	85754	97271	101177	113644	173811	199887	348657	362499	

5369	1314
18	1682415
13746	16664	29014	33646	36460	38038	44666	49986	52873	89760	93559	95201	96845	103531	107977	152766	161144	466539	

5369	2073
10	2209718
93077	101712	102359	124222	133212	137670	159230	165237	184258	1008741	

5369	2441
21	2210194
7391	7442	24087	35942	40248	47380	54666	57855	66679	67227	84473	93652	100780	107061	117718	119645	128128	187890	226710	262168	373052	

5369	2471
12	1419417
26412	37955	68866	90873	93198	106904	107225	115644	130617	139074	204134	298515	

5369	2666
8	990675
78629	93447	97287	121347	127761	130297	147548	194359	

5369	2776
12	878269
13677	27183	39614	41053	51328	65920	81799	87861	94780	96664	132970	145420	

5369	4045
10	1884450
67133	95552	101363	103402	108153	136986	150679	161677	166999	792506	

5369	5677
7	600915
68837	71279	84717	85964	87672	95283	107163	

5391	106
1	29535
29535	

5391	505
3	438204
51480	173091	213633	

5391	989
2	171008
0	171008	

5391	1756
1	15978
15978	

5391	1892
1	80536
80536	

5391	2543
1	81887
81887	

5391	2822
3	190211
50549	60520	79142	

5391	3133
1	89244
89244	

5391	3257
3	254107
36660	85411	132036	

5391	3374
3	38079
0	16398	21681	

5391	3492
5	332114
21893	48727	53299	76363	131832	

5391	3929
1	27813
27813	

5391	3931
2	111549
43564	67985	

5391	5114
1	237838
237838	

5391	5411
1	25473
25473	

5391	5423
1	0
0	

5677	817
1	173031
173031	

5677	1207
1	71724
71724	

5677	1314
1	65489
65489	

5677	2441
4	3719001
25811	33800	97950	3561440	

5677	2471
1	145306
145306	

5677	2666
1	95211
95211	

5677	5369
3	331608
2191	142623	186794	

