129	700
1	424669
424669	

129	813
4	714544
15400	68664	270197	360283	

129	1627
1	297994
297994	

129	2204
6	676245
0	3655	68504	88669	145654	369763	

129	2379
1	238400
238400	

129	2479
1	216659
216659	

129	4090
7	724813
35665	37051	47124	54840	160738	178650	210745	

129	4196
6	1565138
126528	165277	236721	311952	349958	374702	

129	5115
1	106416
106416	

206	700
4	1292373
64328	202879	395851	629315	

206	813
1	505563
505563	

206	1927
1	219839
219839	

206	2204
2	563385
235715	327670	

206	2479
5	1153364
5420	8796	25608	333582	779958	

206	4090
5	2658124
39959	182244	337571	754918	1343432	

206	4196
3	305704
21223	141528	142953	

206	5115
1	18120
18120	

206	5586
1	63477
63477	

226	417
1	204016
204016	

226	985
2	388396
36187	352209	

226	1304
1	878145
878145	

226	2375
1	0
0	

226	2668
2	186015
16391	169624	

226	2801
1	31441
31441	

226	2918
3	608377
85896	111503	410978	

226	3723
1	164050
164050	

226	4102
1	387156
387156	

226	4444
1	134009
134009	

316	226
3	565132
5644	272319	287169	

316	248
3	141274
13789	37556	89929	

316	417
2	451898
70888	381010	

316	985
2	94766
33780	60986	

316	1023
4	689104
19893	161434	243778	263999	

316	1163
10	601486
10402	10897	14000	28135	33970	40556	43751	95040	155037	169698	

316	1304
4	670903
95965	182888	187999	204051	

316	1801
2	62400
23783	38617	

316	2375
2	40190
19382	20808	

316	2668
3	830467
38655	71347	720465	

316	2801
2	171071
29437	141634	

316	2918
6	384610
0	15216	15305	65057	135001	154031	

316	3723
3	626122
130656	235248	260218	

316	4102
3	1017175
13628	449598	553949	

316	4444
7	956177
18991	21993	27757	63684	105814	271985	445953	

316	4767
1	7319
7319	

571	226
1	644516
644516	

571	248
1	100234
100234	

571	316
2	307392
34829	272563	

571	417
1	20086
20086	

571	985
1	38238
38238	

571	1023
6	1585320
23463	80538	206283	418197	421809	435030	

571	1304
1	74875
74875	

571	1801
2	2408
0	2408	

571	2668
3	352919
39123	59888	253908	

571	2801
16	2666704
26765	27112	58784	76170	125037	145185	150317	165313	193487	199359	204795	207469	264989	267915	268804	285203	

571	2918
2	581855
87645	494210	

571	4102
3	862523
45376	161315	655832	

571	4444
6	1229318
8289	78995	214081	214868	234914	478171	

571	4515
1	65412
65412	

571	4767
11	3005480
4334	45115	60848	159312	204099	237897	294081	294452	551693	554051	599598	

571	5359
5	1225050
0	109156	161913	456378	497603	

1023	248
8	1051809
19760	22097	26964	48685	111919	169507	320103	332774	

1023	316
1	39390
39390	

1023	417
4	748404
7264	83626	272758	384756	

1023	985
2	437489
179291	258198	

1023	1163
1	274807
274807	

1023	1304
2	208419
79063	129356	

1023	1801
1	20596
20596	

1023	2668
1	221990
221990	

1023	2918
1	345890
345890	

1023	3723
3	517574
98939	136269	282366	

1023	4102
2	876707
328660	548047	

1023	4444
4	1148658
54230	111076	422854	560498	

1099	571
4	417244
11881	86153	98855	220355	

1099	700
1	881392
881392	

1099	1627
1	273173
273173	

1099	2204
1	2236
2236	

1099	4090
4	635229
0	49297	146275	439657	

1099	4196
1	0
0	

1099	5115
1	18208
18208	

1163	226
2	529793
228173	301620	

1163	1304
1	552096
552096	

1163	2801
1	64948
64948	

1163	2918
3	239028
0	103189	135839	

1163	4102
1	914250
914250	

1163	4444
1	12036
12036	

1163	4767
1	1006064
1006064	

1927	206
1	154288
154288	

1927	700
1	65976
65976	

1927	1627
1	398702
398702	

1927	2479
1	685282
685282	

1927	4090
1	0
0	

2348	248
1	146934
146934	

2348	316
1	365389
365389	

2348	417
4	379104
15165	31682	51378	280879	

2348	1023
1	449479
449479	

2348	4515
15	5248708
16135	27119	34856	113047	142231	149390	193293	278775	296042	353659	460532	516930	837245	898727	930727	

2379	700
9	2627649
107837	145767	181910	252873	267304	312764	426611	436609	495974	

2379	813
2	149197
0	149197	

2379	1627
3	1081898
205998	344269	531631	

2379	2204
13	1365308
11938	17592	21343	25161	26377	80288	97389	99022	117463	122139	205998	257011	283587	

2379	2476
1	16303
16303	

2379	2479
7	1652317
33851	42290	73462	136164	313518	429585	623447	

2379	2846
1	686939
686939	

2379	4090
23	5516901
0	15650	17017	18673	30585	35705	38497	47346	52147	54788	72635	79384	115248	122457	132594	191804	193175	270817	340446	457772	541515	667515	2021131	

2379	4196
1	0
0	

2379	5115
1	18901
18901	

2379	5586
2	310115
141583	168532	

2476	206
1	42761
42761	

2476	700
5	1535699
22457	27382	342542	487744	655574	

2476	813
2	102998
11250	91748	

2476	1627
5	1455688
228478	280460	296738	302771	347241	

2476	1927
1	42832
42832	

2476	2204
2	527390
247041	280349	

2476	2379
3	1094670
29839	242795	822036	

2476	2479
2	558000
68065	489935	

2476	4090
6	1056904
0	19696	59075	167411	281841	528881	

2476	4196
7	1614077
43160	173266	177087	233794	314370	330808	341592	

2476	5115
1	16099
16099	

2476	5586
2	84425
42070	42355	

2479	206
3	618007
145443	210785	261779	

2479	700
3	1554522
31459	584076	938987	

2479	813
1	977875
977875	

2479	1627
4	1880371
290517	366553	466148	757153	

2479	1927
1	185614
185614	

2479	2204
3	427538
17111	142058	268369	

2479	2379
2	565806
52834	512972	

2479	2476
1	1542071
1542071	

2479	2846
1	177954
177954	

2479	4090
7	1435159
18964	32721	61957	88428	194560	500687	537842	

2479	4196
1	267470
267470	

2479	5586
1	20142
20142	

2668	226
1	323259
323259	

2668	248
1	38191
38191	

2668	316
1	1534810
1534810	

2668	985
2	92358
22742	69616	

2668	1023
2	408629
17976	390653	

2668	1163
1	243464
243464	

2668	1304
1	300345
300345	

2668	1801
1	16042
16042	

2668	2801
1	12486
12486	

2668	2918
2	66176
17886	48290	

2668	3723
3	1118711
31159	127801	959751	

2668	4102
1	274207
274207	

2668	4444
4	343454
15528	26780	74283	226863	

2668	4767
1	93748
93748	

2801	316
2	305954
0	305954	

2801	1304
1	643131
643131	

3723	248
1	0
0	

3723	316
1	59168
59168	

3723	1023
1	27289
27289	

3723	1304
1	349690
349690	

3723	2375
16	5796761
10532	23962	49056	56385	57496	69416	300448	352876	363622	427823	534304	620248	669373	670920	787235	803065	

3723	4102
1	259467
259467	

3723	4444
3	459094
12215	142333	304546	

3723	4767
3	253832
37953	51212	164667	

4090	813
4	1084620
49374	247684	251722	535840	

4090	4196
1	220541
220541	

4444	226
18	7196693
21212	26037	27837	29697	31401	31495	81587	101583	177992	269908	282703	326008	358829	446932	530679	686776	833882	2932135	

4444	248
7	421423
15068	18792	20097	27891	30250	73822	235503	

4444	316
2	63003
20239	42764	

4444	417
1	229712
229712	

4444	985
3	75620
0	37421	38199	

4444	1023
1	537861
537861	

4444	1304
3	774200
222491	252575	299134	

4444	1801
1	28045
28045	

4444	2348
1	105576
105576	

4444	2375
1	44619
44619	

4444	2668
3	432372
16380	170326	245666	

4444	2801
1	46204
46204	

4444	2918
3	475697
19214	132116	324367	

4444	3723
1	107727
107727	

4444	4102
4	644765
36869	40051	43133	524712	

4444	4515
1	0
0	

4444	4767
1	156670
156670	

4515	316
1	88824
88824	

4515	2668
2	150828
21582	129246	

4515	3723
1	294944
294944	

4515	4102
1	400989
400989	

4515	4444
1	2030011
2030011	

5340	813
1	220480
220480	

5340	1627
1	294299
294299	

5340	1927
2	36893
15440	21453	

5340	2204
1	249458
249458	

5340	2476
1	701794
701794	

5340	2846
1	0
0	

5340	4090
5	1565587
50147	68678	185975	585445	675342	

5340	5586
1	13817
13817	

