32	584
2	65306
28838	36468	

32	1291
2	18066
7823	10243	

32	1986
2	19798
1883	17915	

32	2816
2	578239
277138	301101	

32	2925
1	34495
34495	

32	4811
1	28652
28652	

584	32
1	12971
12971	

584	913
1	0
0	

584	1291
2	9392
0	9392	

584	1674
1	33382
33382	

584	1708
1	43158
43158	

584	1986
1	53215
53215	

584	2816
2	120737
26543	94194	

584	4597
1	19083
19083	

584	4811
1	84884
84884	

913	1291
1	18740
18740	

913	1674
2	119901
30624	89277	

913	1708
1	35416
35416	

1094	32
1	14048
14048	

1094	584
1	48570
48570	

1094	913
1	0
0	

1094	1674
1	17287
17287	

1094	2816
1	51125
51125	

1094	4597
2	53407
25789	27618	

1094	4811
1	33516
33516	

1291	584
1	24633
24633	

1291	4811
1	78727
78727	

1674	32
2	66815
26862	39953	

1674	1986
2	34493
16303	18190	

1674	2816
3	91150
25304	31092	34754	

1674	2925
1	0
0	

1674	4811
1	46670
46670	

1708	913
1	28372
28372	

1708	1674
2	142188
33041	109147	

1708	2925
1	17883
17883	

1708	4597
1	0
0	

1986	32
1	36992
36992	

1986	1094
1	20662
20662	

1986	1291
2	11755
1947	9808	

1986	1674
1	5590
5590	

1986	4597
1	24611
24611	

1986	4811
1	47808
47808	

2925	32
1	6559
6559	

2925	913
1	0
0	

2925	1094
1	11165
11165	

4597	1708
1	44498
44498	

4597	1986
1	20675
20675	

4597	4811
2	57515
15685	41830	

4811	32
1	52360
52360	

4811	584
1	876
876	

4811	913
1	0
0	

4811	1674
1	33011
33011	

4811	2816
1	41848
41848	

4811	4597
1	8123
8123	

