157	298
1	0
0	

157	464
1	0
0	

157	501
1	0
0	

157	1190
4	78575
0	16704	18936	42935	

157	1379
2	3912
0	3912	

157	1399
1	0
0	

157	1444
2	125439
19551	105888	

157	1466
1	341374
341374	

157	1502
4	62364
9875	12730	14065	25694	

157	1573
1	117215
117215	

157	1579
3	360111
25391	127257	207463	

157	1900
1	17660
17660	

157	2045
1	167627
167627	

157	2430
4	206783
23812	27216	28670	127085	

157	2731
3	60377
14898	22651	22828	

157	2950
1	0
0	

157	2990
1	0
0	

157	3681
2	50615
0	50615	

157	3692
2	83203
31129	52074	

157	3988
1	70452
70452	

157	4112
3	532231
141846	166930	223455	

157	4574
3	375490
14756	84565	276169	

157	4802
1	0
0	

160	165
1	28822
28822	

160	184
1	19418
19418	

160	333
1	51473
51473	

160	491
1	40587
40587	

160	723
1	41759
41759	

160	2005
1	40449
40449	

160	2405
1	48284
48284	

160	2450
2	93917
46623	47294	

160	2517
1	19488
19488	

160	3580
1	21229
21229	

160	5621
1	24268
24268	

160	5644
1	2528
2528	

165	160
1	34510
34510	

165	184
3	63605
18372	19827	25406	

165	263
1	58073
58073	

165	295
1	0
0	

165	333
3	110434
17193	37649	55592	

165	491
1	17464
17464	

165	2005
1	77310
77310	

165	2107
2	120892
34266	86626	

165	2270
2	32376
15421	16955	

165	2405
1	28149
28149	

165	2450
1	32426
32426	

165	2517
2	78718
35211	43507	

165	2532
1	107440
107440	

165	2559
1	98242
98242	

165	2647
1	0
0	

165	3580
1	0
0	

165	3637
2	48731
20550	28181	

165	4557
1	32666
32666	

165	4855
2	272264
50208	222056	

165	5621
1	30544
30544	

232	1234
2	34415
15143	19272	

232	1681
1	0
0	

232	3077
1	303135
303135	

232	3131
1	33552
33552	

232	3280
1	48981
48981	

232	3464
2	256842
32258	224584	

232	3659
1	25800
25800	

232	4545
1	0
0	

232	5752
1	59096
59096	

295	160
2	112028
47574	64454	

295	165
1	0
0	

295	184
2	51938
24394	27544	

295	263
3	84858
18091	19948	46819	

295	333
2	66204
0	66204	

295	607
2	31283
0	31283	

295	723
3	93875
19820	31943	42112	

295	2107
1	177001
177001	

295	2270
5	142670
18940	19136	34104	34194	36296	

295	2405
2	35232
16684	18548	

295	2450
3	100561
0	36829	63732	

295	2517
4	111047
14120	19600	22248	55079	

295	2532
3	258923
24917	74552	159454	

295	2559
2	349726
121390	228336	

295	2647
1	0
0	

295	2764
2	92739
37870	54869	

295	3580
3	55989
16287	18564	21138	

295	3590
4	557872
95492	105194	144823	212363	

295	3637
5	169041
14762	19580	34813	45040	54846	

295	4736
1	0
0	

295	4784
1	40522
40522	

295	4855
2	797014
211844	585170	

295	5375
1	98824
98824	

295	5621
2	69989
32816	37173	

295	5644
2	31435
7837	23598	

298	157
1	0
0	

298	464
1	0
0	

298	501
1	59000
59000	

298	1190
1	12354
12354	

298	1379
1	0
0	

298	1444
1	97025
97025	

298	1466
1	477418
477418	

298	1579
2	19790
0	19790	

298	2045
1	43127
43127	

298	2430
3	94298
22497	28439	43362	

298	4227
1	390525
390525	

298	4574
1	67384
67384	

298	5214
1	54883
54883	

333	184
1	0
0	

333	263
1	69231
69231	

333	295
1	10890
10890	

333	491
1	151067
151067	

333	607
1	35840
35840	

333	723
1	21403
21403	

333	1209
1	0
0	

333	2005
2	120643
46331	74312	

333	2107
1	37267
37267	

333	2270
1	119915
119915	

333	2405
1	0
0	

333	2517
1	32781
32781	

333	2559
1	100070
100070	

333	3580
1	0
0	

333	3590
1	117290
117290	

333	5621
1	0
0	

333	5644
1	0
0	

464	298
1	0
0	

464	501
1	150060
150060	

464	1190
1	55460
55460	

464	1379
1	0
0	

464	1399
1	12821
12821	

464	2430
2	79795
32867	46928	

464	2731
2	363705
29158	334547	

464	2950
1	13061
13061	

464	2990
2	23247
0	23247	

464	3681
1	0
0	

464	4574
2	125908
0	125908	

491	160
1	40746
40746	

491	165
1	21978
21978	

491	184
1	34076
34076	

491	607
1	0
0	

491	1209
1	52908
52908	

491	2405
1	18438
18438	

491	2517
2	118831
47582	71249	

491	2559
1	65980
65980	

491	3590
1	38234
38234	

491	4855
1	71211
71211	

491	5621
1	0
0	

491	5644
1	183076
183076	

501	157
1	0
0	

501	298
1	0
0	

501	1379
1	0
0	

501	1466
1	56581
56581	

501	1900
2	22884
259	22625	

501	2430
2	299624
28698	270926	

501	2990
2	164855
24255	140600	

723	184
2	24964
5228	19736	

723	295
1	0
0	

723	491
2	130089
45087	85002	

723	1209
1	14392
14392	

723	2107
1	73431
73431	

723	2270
1	0
0	

723	2517
1	23259
23259	

723	2532
1	1088808
1088808	

723	2764
1	49637
49637	

723	3580
1	0
0	

723	3637
2	15755
0	15755	

723	4557
1	46135
46135	

723	4855
2	535975
155951	380024	

723	5375
1	32509
32509	

723	5621
2	52889
18182	34707	

1086	3076
1	0
0	

1190	157
1	0
0	

1190	298
1	0
0	

1190	1379
1	0
0	

1190	1466
1	443150
443150	

1190	1502
1	14482
14482	

1190	1573
1	40714
40714	

1190	1579
1	19746
19746	

1190	1900
1	15263
15263	

1190	2045
1	63955
63955	

1190	2430
2	37085
12519	24566	

1379	157
1	0
0	

1379	464
1	0
0	

1379	501
1	0
0	

1379	1399
1	24404
24404	

1379	1466
1	0
0	

1379	1579
3	34425
0	14925	19500	

1379	2045
2	50648
12644	38004	

1379	2430
4	140026
11644	22030	24504	81848	

1379	2731
2	131447
28390	103057	

1379	2990
3	444353
21552	173591	249210	

1379	3681
1	0
0	

1379	4574
1	36158
36158	

1379	4802
1	0
0	

1399	464
1	0
0	

1399	1379
1	0
0	

1399	1573
1	68934
68934	

1399	2045
1	39100
39100	

1399	2430
2	44667
21641	23026	

1399	2950
2	86381
31004	55377	

1399	4802
1	0
0	

1466	157
1	0
0	

1466	298
1	0
0	

1466	501
1	34363
34363	

1466	1379
1	0
0	

1466	1579
2	41598
18491	23107	

1466	2430
1	60576
60576	

1466	2731
1	0
0	

1466	2990
3	75641
0	28855	46786	

1466	3692
1	0
0	

1466	4112
2	159787
59516	100271	

1466	4802
1	8634
8634	

1502	157
1	0
0	

1502	298
1	0
0	

1502	501
2	18844
3291	15553	

1502	1379
1	0
0	

1502	1579
1	0
0	

1502	2045
1	23025
23025	

1502	2990
1	28995
28995	

1502	3681
1	0
0	

1502	3692
1	0
0	

1573	501
1	28505
28505	

1573	1399
1	14517
14517	

1573	1444
1	0
0	

1573	1579
1	28329
28329	

1573	2430
3	102985
21641	25443	55901	

1573	2731
1	0
0	

1573	3681
1	0
0	

1573	4112
1	181117
181117	

1579	157
1	0
0	

1579	298
1	0
0	

1579	1190
1	20363
20363	

1579	1379
1	0
0	

1579	1399
1	25290
25290	

1579	1444
1	0
0	

1579	1502
2	34324
13935	20389	

1579	1900
1	19731
19731	

1579	2045
1	207048
207048	

1579	2430
4	108684
21092	26548	30227	30817	

1579	2731
2	32222
0	32222	

1579	2950
1	0
0	

1579	2990
7	188331
21439	24958	26278	27027	27602	28784	32243	

1579	3681
3	101531
0	45546	55985	

1579	3692
1	0
0	

1579	4112
1	119363
119363	

1579	4574
3	102629
13841	21223	67565	

1579	4802
1	0
0	

1591	160
1	33894
33894	

1591	165
1	19936
19936	

1591	184
1	152658
152658	

1591	263
1	24427
24427	

1591	295
1	0
0	

1591	333
1	59979
59979	

1591	491
2	97872
48790	49082	

1591	607
3	40596
0	15757	24839	

1591	723
3	141983
12779	46414	82790	

1591	1209
3	133948
12998	29585	91365	

1591	2107
4	171413
5431	10530	53221	102231	

1591	2270
3	989538
14694	22949	951895	

1591	2450
1	5038
5038	

1591	2517
1	25036
25036	

1591	2559
2	194771
76588	118183	

1591	2764
1	46568
46568	

1591	3580
1	0
0	

1591	3590
2	83737
12943	70794	

1591	3637
1	14708
14708	

1591	4736
1	0
0	

1591	4784
1	35050
35050	

1591	4855
5	693023
32655	118350	119220	127281	295517	

1591	5375
1	72592
72592	

1591	5621
1	0
0	

1591	5644
2	5494
0	5494	

1681	232
1	19316
19316	

1681	1234
3	106830
2266	24700	79864	

1681	2485
1	37274
37274	

1681	3077
1	17070
17070	

1681	3131
4	256147
30659	31155	34758	159575	

1681	3280
1	11716
11716	

1681	3464
3	119219
30050	37271	51898	

1681	3659
2	17653
2134	15519	

1681	4545
2	11912
0	11912	

1681	5752
5	315252
38441	46242	48526	63357	118686	

1712	295
1	0
0	

1712	723
1	9253
9253	

1712	4784
1	83464
83464	

1900	157
1	0
0	

1900	1190
1	0
0	

1900	1379
1	0
0	

1900	1579
1	12642
12642	

1900	2430
1	0
0	

1900	2990
1	31631
31631	

1900	3681
1	0
0	

1900	3988
1	18722
18722	

1900	4112
1	203312
203312	

1988	2173
1	0
0	

1988	3493
1	0
0	

1988	3632
1	21775
21775	

1988	4296
3	95592
28253	28278	39061	

2045	157
1	0
0	

2045	1379
1	0
0	

2045	1466
2	76572
29792	46780	

2045	1502
1	65626
65626	

2045	2430
2	153946
62425	91521	

2045	2731
1	0
0	

2045	2950
1	0
0	

2045	2990
3	66066
0	28588	37478	

2045	3692
1	0
0	

2045	3988
1	48624
48624	

2045	4112
1	169269
169269	

2045	5214
1	23481
23481	

2107	184
1	21622
21622	

2107	295
1	0
0	

2107	491
1	64583
64583	

2107	607
1	31542
31542	

2107	1209
1	26704
26704	

2107	2005
1	41724
41724	

2107	2270
2	40269
0	40269	

2107	2405
1	26460
26460	

2107	2517
2	75197
25024	50173	

2107	2559
2	213613
78902	134711	

2107	2647
1	0
0	

2107	2764
1	42256
42256	

2107	3580
1	16091
16091	

2107	3637
2	86300
12386	73914	

2107	4557
1	67201
67201	

2107	4784
2	63226
28481	34745	

2107	5375
2	278058
124190	153868	

2270	165
1	17889
17889	

2270	263
2	172433
28893	143540	

2270	295
1	0
0	

2270	333
1	35852
35852	

2270	607
3	105494
26451	37803	41240	

2270	723
1	40663
40663	

2270	2107
1	70362
70362	

2270	2405
1	26469
26469	

2270	2647
1	119377
119377	

2270	2764
1	36154
36154	

2270	3590
3	148205
29287	46929	71989	

2270	3637
1	60695
60695	

2270	4784
1	113328
113328	

2270	4855
1	179410
179410	

2270	5375
1	62996
62996	

2405	160
3	72546
793	31255	40498	

2405	184
1	16869
16869	

2405	295
1	0
0	

2405	333
1	45460
45460	

2405	607
1	0
0	

2405	1209
1	70153
70153	

2405	2107
2	68970
0	68970	

2405	2270
2	9782
0	9782	

2405	2450
2	99568
47950	51618	

2405	2517
2	46333
20554	25779	

2405	2532
2	184852
32244	152608	

2405	2559
1	0
0	

2405	2647
1	0
0	

2405	3590
1	61608
61608	

2405	3637
3	183180
25364	51650	106166	

2405	4557
1	54205
54205	

2405	4855
1	56051
56051	

2405	5375
1	190064
190064	

2430	157
1	0
0	

2430	298
3	43623
0	20508	23115	

2430	501
1	0
0	

2430	1379
2	4804
0	4804	

2430	1399
1	36866
36866	

2430	1444
1	95544
95544	

2430	1466
2	374542
115782	258760	

2430	1579
3	107763
24077	29672	54014	

2430	2045
3	236350
38800	66808	130742	

2430	2731
1	364265
364265	

2430	2950
1	3565
3565	

2430	2990
2	47023
23410	23613	

2430	3681
1	0
0	

2430	3692
1	0
0	

2430	3988
1	0
0	

2430	4112
2	84607
5317	79290	

2430	4574
1	17235
17235	

2430	4802
1	0
0	

2430	5621
1	30064
30064	

2647	165
2	22292
6622	15670	

2647	263
2	320940
0	320940	

2647	491
1	37502
37502	

2647	723
1	26717
26717	

2647	1209
1	16646
16646	

2647	2005
1	73190
73190	

2647	2107
1	0
0	

2647	2270
1	89453
89453	

2647	2405
1	114176
114176	

2647	2450
1	7925
7925	

2647	2559
2	433311
181397	251914	

2647	3580
1	0
0	

2647	3590
2	536982
31265	505717	

2647	3637
1	29275
29275	

2647	4557
1	7573
7573	

2647	4784
1	39340
39340	

2647	5375
2	221559
55114	166445	

2647	5644
1	15221
15221	

2731	1379
1	0
0	

2731	1573
1	28303
28303	

2731	1579
3	865566
37699	328950	498917	

2731	2045
1	50106
50106	

2731	2430
2	505253
31610	473643	

2731	2950
2	51748
5111	46637	

2731	2990
2	92112
25126	66986	

2731	3692
1	52913
52913	

2731	3988
2	44206
13157	31049	

2950	157
1	0
0	

2950	298
1	0
0	

2950	464
1	0
0	

2950	1379
1	0
0	

2950	1444
1	108378
108378	

2950	1573
1	155954
155954	

2950	1579
2	21293
0	21293	

2950	2045
1	142538
142538	

2950	2430
4	543348
23305	24737	34199	461107	

2950	2731
1	21296
21296	

2950	2990
4	483388
34506	53608	73385	321889	

2950	3681
1	116838
116838	

2950	3692
1	262216
262216	

2950	4227
1	71063
71063	

2990	157
1	0
0	

2990	298
1	31933
31933	

2990	464
1	0
0	

2990	1379
1	0
0	

2990	1444
1	27611
27611	

2990	1573
1	32734
32734	

2990	1579
6	143819
17086	18745	19383	19813	29084	39708	

2990	1900
3	36820
0	17273	19547	

2990	2045
2	147736
65374	82362	

2990	2430
3	93809
21540	28990	43279	

2990	2731
2	68212
14731	53481	

2990	2950
4	59646
0	6490	20968	32188	

2990	3681
2	33122
0	33122	

2990	3692
1	0
0	

2990	4574
1	35526
35526	

2990	4802
1	0
0	

2990	5214
1	39385
39385	

3076	1988
1	49227
49227	

3076	2173
1	0
0	

3076	3632
2	31655
0	31655	

3076	4296
1	25179
25179	

3076	5752
1	7314
7314	

3077	1234
3	33845
0	13582	20263	

3077	1681
1	0
0	

3077	3131
1	29079
29079	

3077	3464
1	0
0	

3077	5752
1	31414
31414	

3131	232
3	94119
20167	34404	39548	

3131	1234
3	59541
6013	21210	32318	

3131	1681
1	0
0	

3131	2485
1	38038
38038	

3131	3077
2	73811
7230	66581	

3131	3464
2	73036
0	73036	

3131	4545
1	0
0	

3131	5752
1	72157
72157	

3449	232
1	21252
21252	

3449	1234
2	20459
0	20459	

3449	1681
1	0
0	

3449	2485
1	70969
70969	

3449	3077
1	38718
38718	

3449	3131
1	37070
37070	

3449	3280
1	18842
18842	

3449	3659
2	35367
0	35367	

3464	1234
1	11621
11621	

3464	3280
1	60293
60293	

3464	4545
1	0
0	

3464	5752
2	106563
40465	66098	

3493	3632
1	18671
18671	

3493	5752
1	51874
51874	

3580	165
1	10574
10574	

3580	184
1	19098
19098	

3580	295
1	0
0	

3580	333
1	17316
17316	

3580	607
3	39857
0	17659	22198	

3580	723
1	50873
50873	

3580	1209
2	59566
19973	39593	

3580	1712
1	33336
33336	

3580	2107
1	0
0	

3580	2270
1	26482
26482	

3580	2405
2	95988
23792	72196	

3580	2450
3	124257
8328	30710	85219	

3580	2559
2	197912
67533	130379	

3580	2647
1	0
0	

3580	3590
1	14909
14909	

3580	3637
1	56477
56477	

3580	4557
1	25290
25290	

3580	4736
1	0
0	

3580	4855
2	412559
171314	241245	

3580	5621
1	0
0	

3580	5644
1	18550
18550	

3632	1086
1	0
0	

3632	1988
2	37069
3986	33083	

3632	2173
1	0
0	

3632	3493
1	0
0	

3632	4296
5	179729
27829	32440	33224	34368	51868	

3659	1681
1	0
0	

3681	157
1	0
0	

3681	298
1	0
0	

3681	1579
4	58009
0	18901	19240	19868	

3681	1900
2	4194
0	4194	

3681	2430
1	32068
32068	

3681	2731
1	14146
14146	

3681	2950
1	32371
32371	

3692	157
1	0
0	

3692	501
1	0
0	

3692	1579
1	28741
28741	

3692	4574
3	888723
15919	22396	850408	

3988	298
1	28900
28900	

3988	464
1	0
0	

3988	1502
1	0
0	

3988	1579
1	19503
19503	

3988	1900
1	11407
11407	

3988	2430
1	0
0	

3988	2731
1	148696
148696	

3988	2950
1	0
0	

3988	2990
2	46644
0	46644	

3988	3681
2	15252
0	15252	

4112	157
1	0
0	

4112	2731
1	61483
61483	

4112	3681
1	0
0	

4227	157
1	0
0	

4227	298
1	0
0	

4227	464
1	0
0	

4227	1444
3	354204
56123	83586	214495	

4227	1466
1	21875
21875	

4227	1579
1	0
0	

4227	2045
1	15321
15321	

4227	2430
1	2912
2912	

4227	2950
2	254354
67162	187192	

4227	2990
2	120780
27251	93529	

4227	3692
1	0
0	

4227	3988
1	29780
29780	

4227	4574
1	1515429
1515429	

4227	4802
1	0
0	

4296	1086
4	156281
16594	26243	27981	85463	

4296	1988
3	63243
2717	29610	30916	

4296	3076
2	10509
0	10509	

4296	3493
1	0
0	

4296	3632
2	129033
21708	107325	

4545	232
2	63719
0	63719	

4545	1234
1	0
0	

4545	1681
1	0
0	

4545	2485
1	75929
75929	

4545	3131
1	31362
31362	

4545	3280
2	55159
1867	53292	

4545	3449
1	113031
113031	

4545	3464
1	29352
29352	

4545	5752
2	150368
27990	122378	

4574	157
1	0
0	

4574	298
1	0
0	

4574	464
1	0
0	

4574	1190
1	0
0	

4574	1379
1	0
0	

4574	1399
1	19082
19082	

4574	1502
1	18110
18110	

4574	1579
3	165319
15506	20732	129081	

4574	2430
1	47337
47337	

4574	2950
1	9861
9861	

4574	2990
2	109654
21618	88036	

4574	3692
1	0
0	

4574	4802
1	0
0	

4736	165
1	40861
40861	

4736	295
1	0
0	

4736	491
1	35606
35606	

4736	1209
2	39681
18210	21471	

4736	2270
1	0
0	

4736	2405
1	17417
17417	

4736	2647
1	0
0	

4736	3580
1	0
0	

4736	3590
1	42868
42868	

4736	5621
1	66264
66264	

4784	723
1	18157
18157	

4802	298
1	0
0	

4802	1190
1	22197
22197	

4802	1379
1	0
0	

4802	1399
1	34667
34667	

4802	1579
1	29645
29645	

4802	2990
1	18621
18621	

4802	4112
1	156958
156958	

4802	4227
1	34835
34835	

5214	1379
1	0
0	

5214	1579
1	205299
205299	

5621	160
1	37395
37395	

5621	295
1	0
0	

5621	333
1	70758
70758	

5621	1712
1	43316
43316	

5621	2107
1	392
392	

5621	2270
1	421986
421986	

5621	2450
1	22987
22987	

5621	3580
1	20167
20167	

5621	3590
2	89601
43114	46487	

5621	3637
2	86674
30073	56601	

5621	4557
1	22244
22244	

5621	4736
1	0
0	

5621	4784
1	34674
34674	

5621	4855
1	568636
568636	

5621	5375
1	0
0	

5621	5644
1	0
0	

5752	1086
2	43409
18217	25192	

5752	1234
5	133850
1973	13110	23191	44267	51309	

5752	1681
1	0
0	

5752	2173
1	0
0	

5752	2430
1	0
0	

5752	2485
1	61734
61734	

5752	3076
1	861
861	

5752	3077
2	87667
17737	69930	

5752	3131
2	99933
37591	62342	

5752	3280
2	55520
13749	41771	

5752	3449
2	290746
143262	147484	

5752	3464
2	63692
28934	34758	

5752	3493
1	0
0	

5752	3632
3	173747
26313	36001	111433	

5752	3659
4	43209
0	2582	19331	21296	

5752	4296
4	140393
31010	31666	36958	40759	

5752	4545
1	0
0	

