585	2146
1	0
0	

585	2295
1	0
0	

585	4569
1	0
0	

2146	585
1	0
0	

2146	4569
1	12533
12533	

2146	4634
1	0
0	

2295	585
1	255097
255097	

2295	2146
1	0
0	

2295	3559
2	40585
11789	28796	

2295	4569
1	0
0	

2295	4634
2	39338
9946	29392	

3559	585
1	179484
179484	

3559	2146
2	298394
147222	151172	

3559	2295
1	0
0	

3559	4569
3	739291
0	16275	723016	

3559	4634
3	64298
16034	22838	25426	

4569	585
2	52788
0	52788	

4569	2146
2	58811
0	58811	

4569	4634
2	3027
0	3027	

4634	585
1	0
0	

4634	2146
2	116509
0	116509	

4634	2295
1	0
0	

4634	3559
1	128753
128753	

4634	4569
1	0
0	

