99	958
1	29079
29079	

99	1185
1	0
0	

99	1634
2	35547
14491	21056	

99	1736
1	221824
221824	

99	2382
1	21331
21331	

99	2896
1	25949
25949	

99	2951
1	27562
27562	

99	4127
2	29425
14393	15032	

958	99
2	91575
24380	67195	

958	1736
1	0
0	

958	2951
1	36472
36472	

1185	1634
2	69431
22491	46940	

1185	3605
1	16064
16064	

1634	1736
1	3627
3627	

1634	2382
1	54258
54258	

1634	3130
1	13475
13475	

1634	4127
1	10507
10507	

1736	99
3	125546
29904	34173	61469	

1736	958
5	132643
10864	12850	13455	20417	75057	

1736	2951
3	70481
7686	27066	35729	

1736	3130
8	144754
11407	14032	14058	15092	15290	15388	18815	40672	

1736	3799
1	6944
6944	

1736	4127
3	60085
6471	22841	30773	

2382	1185
1	23411
23411	

2896	99
1	9820
9820	

2896	1185
2	6878
1082	5796	

2896	1634
1	95288
95288	

2896	2382
1	37923
37923	

2896	2951
1	89204
89204	

2896	3605
2	10722
2891	7831	

2896	3799
1	0
0	

2896	4127
1	14049
14049	

3130	99
2	57829
0	57829	

3130	958
3	41411
39	1622	39750	

3130	1185
1	0
0	

3130	1736
1	24591
24591	

3130	2382
1	24844
24844	

3130	2896
1	22706
22706	

3130	4127
1	12986
12986	

3575	958
1	26265
26265	

3575	1185
1	13935
13935	

3575	2896
1	37828
37828	

3575	2951
1	37251
37251	

3575	3130
1	7369
7369	

3605	3575
1	15036
15036	

3799	3130
1	13770
13770	

4127	958
2	22290
10388	11902	

4127	1634
1	15202
15202	

4127	1736
1	33826
33826	

4127	3575
3	40307
12363	12367	15577	

