114	1130
1	31674
31674	

114	2756
1	38018
38018	

114	3058
1	318667
318667	

1392	114
1	275159
275159	

1392	669
3	246972
71356	78647	96969	

1392	1035
1	506213
506213	

1392	1105
1	61556
61556	

1392	2627
1	103461
103461	

1392	2756
2	87018
37689	49329	

1392	3058
2	261880
22588	239292	

1392	3277
1	39392
39392	

1392	3881
2	637875
250048	387827	

1392	4120
1	17954
17954	

2627	114
1	157662
157662	

2627	669
1	87398
87398	

2627	1035
2	7513677
33824	7479853	

2627	1105
3	296641
83724	94807	118110	

2627	2756
1	83375
83375	

2627	3058
2	204621
28016	176605	

2627	3277
2	69658
32962	36696	

2627	3881
2	377156
185595	191561	

2627	4120
1	28177
28177	

4120	114
4	554265
87355	129060	162386	175464	

4120	669
4	411100
86582	89567	107607	127344	

4120	1035
2	1131009
443541	687468	

4120	1105
8	697956
17014	36192	58521	79003	92952	130559	138779	144936	

4120	1130
1	120352
120352	

4120	1392
3	32229
0	9791	22438	

4120	2627
3	92620
30301	30756	31563	

4120	2756
1	71102
71102	

4120	3058
5	584387
22540	36539	112354	149310	263644	

4120	3277
4	156978
34533	38318	40758	43369	

4120	3881
2	2381261
47405	2333856	

4120	4967
1	14738
14738	

4967	114
1	42510
42510	

4967	669
1	44520
44520	

4967	1105
1	55184
55184	

4967	2756
1	128381
128381	

4967	3058
1	85369
85369	

4967	3277
1	52274
52274	

4967	4120
1	19184
19184	

