853	2787
1	6635
6635	

853	3735
1	0
0	

853	4289
1	0
0	

853	4572
2	10113
0	10113	

2787	853
3	0
0	0	0	

2787	2085
4	74622
0	12818	27545	34259	

2787	3658
2	156504
36348	120156	

2787	3690
1	42398
42398	

2787	3735
4	119924
0	26918	40756	52250	

2787	3828
2	120814
59380	61434	

2787	4289
3	172477
29036	56713	86728	

2787	4572
1	0
0	

2787	4857
8	174944
0	0	0	8814	16847	31534	48803	68946	

2787	5646
3	190947
32517	54756	103674	

3658	4572
1	0
0	

3658	5646
1	0
0	

3735	853
1	0
0	

3735	2085
2	0
0	0	

3735	3658
1	26187
26187	

3735	3690
1	5402
5402	

3735	3828
1	0
0	

3735	4289
4	91463
0	17466	19847	54150	

3735	4857
1	0
0	

3735	5646
1	28681
28681	

3828	2085
1	0
0	

3828	2787
1	0
0	

3828	3658
1	50717
50717	

4289	853
1	4068
4068	

4289	3690
4	102003
0	13178	26233	62592	

4289	4572
1	0
0	

4289	4857
1	0
0	

4289	5646
1	0
0	

4572	853
1	0
0	

4572	3658
1	0
0	

4572	3690
1	95416
95416	

4572	3828
1	27775
27775	

4572	4289
2	45106
0	45106	

4572	4857
2	0
0	0	

4857	853
1	0
0	

4857	2085
1	0
0	

4857	3658
1	0
0	

4857	3690
1	56218
56218	

4857	3735
2	0
0	0	

4857	3828
3	48594
0	9993	38601	

4857	4289
3	29296
0	9235	20061	

4857	4572
5	69098
0	9294	9838	9838	40128	

4857	5646
2	42963
20023	22940	

5646	2085
1	19886
19886	

5646	3828
1	0
0	

5646	4857
1	0
0	

