472	568
4	34934
0	0	13082	21852	

472	1442
3	8505
0	0	8505	

472	2321
4	90065
20725	21074	21236	27030	

472	3772
3	40803
0	14478	26325	

472	4368
2	16826
0	16826	

472	4539
9	239433
0	0	0	0	0	10565	40328	54541	133999	

472	5221
1	21606
21606	

472	5230
4	75311
0	14134	19829	41348	

472	5470
4	0
0	0	0	0	

472	5767
4	76567
0	11692	13104	51771	

1053	1442
1	0
0	

1053	3772
4	7102
0	0	0	7102	

1053	4539
1	0
0	

1053	5221
1	0
0	

1053	5470
1	0
0	

1442	568
4	17686
0	0	7282	10404	

1442	5767
1	0
0	

2321	5221
1	16378
16378	

3772	568
1	7122
7122	

3772	2321
1	12608
12608	

3772	5767
1	140479
140479	

4450	568
1	7538
7538	

4450	2321
1	35318
35318	

4450	3772
1	0
0	

4450	4368
1	72466
72466	

4450	4539
2	54345
0	54345	

4450	5221
3	55450
16577	18772	20101	

4450	5767
1	211743
211743	

4539	1442
1	6560
6560	

5221	1053
3	45801
0	9914	35887	

5221	1442
3	12840
0	1578	11262	

5221	2321
1	22075
22075	

5221	4368
1	0
0	

5221	4450
2	15405
0	15405	

5221	4539
8	114599
0	0	0	0	2128	5667	47580	59224	

5221	5230
3	58811
0	18547	40264	

5221	5470
4	28527
0	0	2062	26465	

5221	5767
4	78142
0	0	0	78142	

5230	1442
5	20850
0	0	0	0	20850	

5230	2321
1	12600
12600	

5230	3772
1	25645
25645	

5230	4368
1	67538
67538	

5470	568
3	39384
0	5373	34011	

5470	3772
2	34735
0	34735	

5470	4368
1	0
0	

5612	568
1	5321
5321	

5612	1442
1	0
0	

5612	2321
1	28444
28444	

5612	4368
1	0
0	

5612	4539
1	27103
27103	

5612	5230
1	0
0	

5612	5470
2	25856
5109	20747	

5612	5767
1	45557
45557	

5767	568
1	12747
12747	

5767	1442
1	16535
16535	

