247	3182
1	41013
41013	

247	4560
1	208043
208043	

1799	247
1	50460
50460	

1799	3182
3	595744
68666	77845	449233	

1799	3438
4	107715
0	33896	35511	38308	

1799	4047
5	133910
12455	24231	31569	32479	33176	

1799	4301
3	53648
13111	15505	25032	

1799	4560
5	173368
22102	35058	35222	40006	40980	

2847	247
1	122729
122729	

2847	3182
1	57108
57108	

2847	3438
1	69085
69085	

2847	4047
2	113230
52482	60748	

2847	4560
1	33448
33448	

4047	247
1	0
0	

4047	1799
5	333965
23781	48487	60324	96873	104500	

4047	2847
1	0
0	

4047	3182
6	460035
46328	51674	68033	72630	94378	126992	

4047	3438
5	193763
0	3350	37284	52849	100280	

4047	4301
1	24667
24667	

4047	4560
5	179935
33244	33673	37117	37596	38305	

4301	3182
2	215701
63647	152054	

4301	3438
5	178938
17613	27202	43412	44289	46422	

4301	4047
2	50478
21508	28970	

4301	4560
3	102261
31087	35340	35834	

