1313	469
1	28938
28938	

1313	720
2	35409
15496	19913	

1313	1317
2	408263
32573	375690	

1313	2069
1	25388
25388	

1313	2384
5	136516
18536	20297	21113	34608	41962	

1313	2439
4	63210
13305	13766	15748	20391	

1313	2936
2	78597
33479	45118	

1313	2955
2	24416
0	24416	

1313	3160
1	17206
17206	

1313	3320
2	97982
47238	50744	

1313	3524
2	287179
136786	150393	

1313	3975
1	32945
32945	

1313	4087
2	58959
19124	39835	

1313	4987
1	15941
15941	

1313	5099
2	52741
25101	27640	

2936	469
4	99609
20438	25529	25564	28078	

2936	720
5	117939
16010	17505	18936	32700	32788	

2936	1313
1	43572
43572	

2936	1317
4	245961
9263	26435	46347	163916	

2936	2439
1	11916
11916	

2936	3160
3	46347
5303	10102	30942	

2936	3320
4	189737
42155	42472	42572	62538	

2936	3524
1	66541
66541	

2936	3975
2	37996
18522	19474	

2936	4087
3	84030
20587	26090	37353	

2936	5099
3	113080
22457	36689	53934	

3320	469
5	130057
19604	23059	28146	28267	30981	

3320	720
6	281395
11251	20253	21475	25433	30313	172670	

3320	1313
1	35722
35722	

3320	1317
6	414467
31846	31850	46778	50050	57171	196772	

3320	2069
6	206148
13406	21581	29997	32457	36496	72211	

3320	2384
8	320627
26302	30725	30790	31883	38657	39863	50162	72245	

3320	2439
5	72497
11181	12002	13141	17716	18457	

3320	2936
3	170043
33157	59124	77762	

3320	2955
7	145940
12869	13018	13911	25474	26185	27215	27268	

3320	3160
6	187024
19333	23605	25767	34011	40081	44227	

3320	3524
7	1066841
69396	69678	87015	99527	102044	230832	408349	

3320	3975
2	36659
15569	21090	

3320	4087
6	393179
15513	17763	28506	29438	67797	234162	

3320	4987
4	60713
12381	15136	15817	17379	

3320	5099
6	120500
12187	19006	19367	20390	24410	25140	

3436	469
1	19354
19354	

3436	720
2	37029
17012	20017	

3436	1313
14	656978
33861	36840	38024	39340	40491	40651	43618	45627	46511	47396	50289	53906	57758	82666	

3436	1317
1	32338
32338	

3436	2069
2	21034
0	21034	

3436	2439
1	12169
12169	

3436	2936
2	151318
72059	79259	

3436	2955
2	62243
23024	39219	

3436	3160
3	89316
16538	17641	55137	

3436	3320
1	123852
123852	

3436	3524
1	114760
114760	

3436	4087
1	0
0	

3436	4987
1	23379
23379	

3975	469
1	22405
22405	

3975	720
1	18837
18837	

3975	1313
1	39048
39048	

3975	1317
1	61993
61993	

3975	2384
1	32572
32572	

3975	2955
1	26925
26925	

3975	3524
1	100630
100630	

3975	4087
1	29725
29725	

3975	4987
1	20450
20450	

3975	5099
1	6982
6982	

4087	469
1	24281
24281	

4087	720
1	16119
16119	

4087	1317
1	36362
36362	

4087	2069
2	31983
14355	17628	

4087	2384
1	26923
26923	

4087	2439
1	12036
12036	

4087	2955
1	0
0	

4087	3320
1	43260
43260	

4087	3524
1	56025
56025	

4087	5099
1	21520
21520	

