343	1400
7	979687
2911	13637	31831	46130	63496	76951	744731	

343	2246
10	313404
0	0	0	5103	12048	29648	36216	63783	64348	102258	

343	3161
5	183343
0	0	39510	54373	89460	

343	5692
2	23544
8344	15200	

1400	343
15	1119245
15720	25394	26524	31161	42385	42683	45133	54907	54982	64725	84929	97887	100607	140878	291330	

2246	343
5	160134
0	29527	30513	49141	50953	

2246	1400
3	64619
8333	17403	38883	

2246	3161
2	0
0	0	

3161	343
1	798
798	

3161	2246
1	0
0	

5419	343
4	204302
0	31572	67681	105049	

5419	1400
1	35182
35182	

5419	2246
1	9614
9614	

5419	3161
1	21335
21335	

5419	5692
1	8589
8589	

5692	2246
1	0
0	

