601	754
1	23593
23593	

601	1912
3	204849
18299	76605	109945	

601	2129
1	14976
14976	

601	4220
2	107740
22087	85653	

601	4312
1	15407
15407	

601	5017
1	0
0	

601	5543
1	98788
98788	

754	1825
1	31747
31747	

754	5543
2	579575
0	579575	

928	347
8	198657
9938	10329	12753	19155	24124	29635	40493	52230	

928	355
6	595662
0	16381	20411	73294	143761	341815	

928	1050
5	469420
48216	58319	72925	77568	212392	

928	1080
5	740703
9908	90390	123895	184521	331989	

928	1194
3	107012
16459	39094	51459	

928	2156
4	596249
27156	74912	110230	383951	

928	2247
2	61906
20294	41612	

928	2304
2	65693
31170	34523	

928	2403
2	103520
29268	74252	

928	2516
2	524037
257844	266193	

928	2520
4	772146
29913	158198	183381	400654	

928	2533
7	697879
23511	32257	43068	100284	106585	163286	228888	

928	3262
3	172455
44637	46354	81464	

928	3340
6	430829
17759	54689	66679	66816	103685	121201	

928	3399
4	363124
43208	85074	104416	130426	

928	4050
4	783223
63196	133157	176353	410517	

928	4257
1	0
0	

928	4432
2	365341
70044	295297	

928	4500
3	248621
23185	76735	148701	

928	5117
1	120049
120049	

928	5154
7	579215
19716	31624	39984	48650	76559	80844	281838	

928	5305
5	586777
49944	66259	106215	158722	205637	

928	5360
3	147438
43577	50022	53839	

928	5386
4	104788
0	18265	39095	47428	

1522	355
1	54043
54043	

1522	928
1	149938
149938	

1522	2520
1	98717
98717	

1522	2533
8	237737
0	12096	21079	22108	28177	38504	45891	69882	

1522	3340
1	0
0	

1522	4050
1	52797
52797	

1522	4500
1	86439
86439	

1734	601
1	0
0	

1734	1912
2	110999
12609	98390	

1734	2129
1	41123
41123	

1734	2278
1	58635
58635	

1734	2519
1	0
0	

1734	2829
1	0
0	

1734	3458
1	0
0	

1734	4220
1	51997
51997	

1734	5017
1	0
0	

1734	5543
1	62935
62935	

1825	1734
1	91571
91571	

1825	2129
2	43796
19087	24709	

1825	2278
2	270268
12451	257817	

1825	2519
1	0
0	

1825	2829
1	0
0	

1825	4220
2	195677
70301	125376	

1825	4312
1	278523
278523	

1825	5017
1	0
0	

1825	5543
2	5759
0	5759	

1941	504
5	538618
34702	35709	39042	135131	294034	

1941	2034
2	505149
145961	359188	

1941	2278
3	854216
181696	329205	343315	

1941	3221
7	1121746
2226	59277	104631	140982	152326	247738	414566	

1941	3368
3	49837
13432	17956	18449	

1941	3797
3	490244
77049	105780	307415	

1941	4216
4	1211740
125691	231079	252625	602345	

1941	5703
5	1129471
65107	115175	264054	279512	405623	

2034	504
2	56703
1433	55270	

2034	1941
6	6602703
463459	471207	482802	582984	870712	3731539	

2034	2278
3	697798
203176	244834	249788	

2034	3221
2	41712
12030	29682	

2034	3368
3	58773
7266	15861	35646	

2034	3797
4	231007
25225	27403	36310	142069	

2034	4216
7	470596
11452	13906	21898	51630	103366	121575	146769	

2034	5564
2	78197
0	78197	

2034	5703
5	717646
50711	58478	76404	193709	338344	

2129	601
1	0
0	

2129	754
1	67695
67695	

2129	1734
1	52790
52790	

2129	1825
3	160759
27858	34376	98525	

2129	1912
1	44378
44378	

2129	2278
2	639520
83353	556167	

2129	2519
1	0
0	

2129	2829
1	0
0	

2129	3458
1	0
0	

2129	3797
2	204161
30002	174159	

2129	4216
1	123203
123203	

2129	4220
1	186366
186366	

2129	5017
1	0
0	

2129	5703
1	0
0	

2247	347
5	100034
7662	10245	20247	23338	38542	

2247	355
5	321296
0	15169	38471	60434	207222	

2247	928
1	32281
32281	

2247	1050
3	83576
12141	16004	55431	

2247	1080
1	122736
122736	

2247	1194
4	633647
57473	88028	179154	308992	

2247	2278
1	283299
283299	

2247	2304
1	562446
562446	

2247	2403
3	289021
86892	87259	114870	

2247	2520
3	110766
24814	33900	52052	

2247	2533
5	442976
0	13454	21811	162788	244923	

2247	3262
3	69140
13182	16677	39281	

2247	3340
3	179667
47920	64403	67344	

2247	3368
1	17429
17429	

2247	3399
2	170810
80308	90502	

2247	4050
2	140261
23521	116740	

2247	4216
1	170302
170302	

2247	4257
4	247925
25561	26577	59898	135889	

2247	4432
3	85809
16461	19163	50185	

2247	4500
3	196425
50311	66393	79721	

2247	5117
1	83065
83065	

2247	5154
5	491112
0	34831	49231	101761	305289	

2247	5305
3	114341
30296	31284	52761	

2247	5360
4	100508
0	20910	26482	53116	

2247	5386
2	66879
23760	43119	

2247	5703
1	178184
178184	

2278	2034
1	25990
25990	

2278	3368
2	10427
0	10427	

2278	4216
2	2274725
787837	1486888	

2278	5703
2	583471
232121	351350	

2396	504
1	215006
215006	

2396	2034
2	635349
302109	333240	

2396	3797
1	23979
23979	

2516	2520
3	407596
23668	57628	326300	

2519	601
1	0
0	

2519	1825
1	26103
26103	

2519	1912
1	23030
23030	

2519	1941
1	274093
274093	

2519	2129
2	17952
0	17952	

2519	2278
2	366731
14084	352647	

2519	2829
1	0
0	

2519	3221
1	13100
13100	

2519	3797
1	104927
104927	

2519	4216
1	283087
283087	

2519	5543
1	38686
38686	

2519	5703
2	533509
242970	290539	

2520	347
2	195188
36804	158384	

2520	355
4	286208
30112	69363	90699	96034	

2520	928
5	85692
9667	10182	10992	22356	32495	

2520	1050
6	178021
16341	19637	24274	31160	33990	52619	

2520	1080
5	615661
38488	116975	135136	161969	163093	

2520	1194
3	276669
55107	99607	121955	

2520	2156
2	350829
132452	218377	

2520	2247
3	62927
12551	13361	37015	

2520	2403
2	179278
63359	115919	

2520	2516
8	1192633
8110	25379	62712	143443	181725	214150	234976	322138	

2520	2533
5	435978
17038	22921	24605	118457	252957	

2520	3262
3	83994
20964	26372	36658	

2520	3340
3	211775
61421	73956	76398	

2520	3399
1	92447
92447	

2520	4257
2	24005
0	24005	

2520	4432
5	228698
18277	19766	21277	54291	115087	

2520	4500
3	190953
58795	61784	70374	

2520	5117
1	143812
143812	

2520	5154
3	163743
24982	68195	70566	

2520	5305
2	165135
56729	108406	

2520	5360
3	147585
25564	42649	79372	

2520	5386
2	43823
0	43823	

2637	2519
1	0
0	

3458	2637
1	15635
15635	

3725	504
1	1434
1434	

3725	2034
2	80005
35194	44811	

3725	3221
2	213819
33486	180333	

3725	3368
1	43852
43852	

3725	3797
4	724205
118387	137559	196308	271951	

3725	4216
3	692131
184790	246278	261063	

3725	5564
4	667647
0	55552	230168	381927	

3725	5703
2	232250
26841	205409	

4050	347
1	33181
33181	

4050	355
2	213631
104507	109124	

4050	928
2	106748
38995	67753	

4050	1050
1	46250
46250	

4050	1080
2	216598
94323	122275	

4050	1194
3	183876
14892	31570	137414	

4050	1522
1	74767
74767	

4050	2156
1	0
0	

4050	2247
1	24996
24996	

4050	2304
1	55722
55722	

4050	2403
1	129388
129388	

4050	2520
3	244099
15421	107586	121092	

4050	2533
2	197995
0	197995	

4050	3262
1	0
0	

4050	3340
1	2175
2175	

4050	3399
2	193368
51599	141769	

4050	4432
1	40907
40907	

4050	4500
2	127323
23860	103463	

4050	5154
1	331081
331081	

4050	5305
2	30274
9425	20849	

4050	5360
4	191403
0	44339	59989	87075	

4050	5386
1	35700
35700	

4257	347
5	907748
6455	9786	10478	14025	867004	

4257	355
1	233130
233130	

4257	928
4	221055
21175	30223	37050	132607	

4257	1050
3	119160
28769	40698	49693	

4257	1080
1	146721
146721	

4257	1194
3	121378
0	40564	80814	

4257	2156
1	160570
160570	

4257	2403
4	224878
32122	37131	48646	106979	

4257	2520
2	63373
0	63373	

4257	2533
1	93511
93511	

4257	3262
1	89362
89362	

4257	3340
1	61134
61134	

4257	3399
1	52550
52550	

4257	4050
3	204788
26105	27436	151247	

4257	4432
4	102443
0	17964	40115	44364	

4257	4500
1	41659
41659	

4257	5117
1	77316
77316	

4257	5154
2	174264
25677	148587	

4257	5305
3	187081
15461	76929	94691	

4257	5360
3	200971
16962	64342	119667	

4257	5386
1	41543
41543	

4312	1734
1	82507
82507	

4312	2519
1	0
0	

4312	2637
1	12955
12955	

4312	3458
1	0
0	

4312	5017
1	0
0	

4432	347
4	168290
10240	17762	30287	110001	

4432	355
4	410397
21699	68553	152191	167954	

4432	928
4	196502
32453	45857	56390	61802	

4432	1050
5	214276
0	37529	43566	56471	76710	

4432	1080
1	115117
115117	

4432	1522
1	9625
9625	

4432	2156
1	99931
99931	

4432	2304
1	17518
17518	

4432	2403
3	136065
35460	43007	57598	

4432	2520
3	310188
28091	90601	191496	

4432	3262
4	124418
16888	34010	34088	39432	

4432	3340
4	226709
23394	52972	54018	96325	

4432	4050
3	139210
27564	49420	62226	

4432	4257
1	119814
119814	

4432	4500
3	139176
23200	54640	61336	

4432	5117
1	43994
43994	

4432	5154
2	243312
53920	189392	

4432	5305
3	106419
12357	26801	67261	

4432	5360
2	103701
40609	63092	

4432	5386
3	103631
27319	36825	39487	

5017	504
1	319531
319531	

5017	601
1	0
0	

5017	754
1	22887
22887	

5017	2129
1	8239
8239	

5017	2278
1	77058
77058	

5017	2829
1	0
0	

5017	3458
1	0
0	

5017	3797
1	67108
67108	

5017	4220
1	42399
42399	

5017	4312
1	51736
51736	

5017	5543
1	34955
34955	

5017	5703
1	72864
72864	

5360	1194
1	0
0	

5360	2520
1	23542
23542	

5360	3340
1	14927
14927	

5360	4500
3	77478
0	9240	68238	

5360	5117
1	60675
60675	

5543	1734
1	29706
29706	

5543	1825
1	68926
68926	

5543	1912
1	29368
29368	

5543	2129
2	62357
21229	41128	

5543	2278
1	57516
57516	

5543	2519
1	0
0	

5543	3458
1	0
0	

5543	4220
1	36846
36846	

5564	504
11	1201247
23252	42002	42896	43390	45615	58286	120069	123838	134942	171794	395163	

5564	1941
2	5470746
50411	5420335	

5564	2034
1	278673
278673	

5564	2278
1	106958
106958	

5564	3221
6	1698336
92480	183722	242270	268305	308659	602900	

5564	3368
1	20795
20795	

5564	3797
5	920446
85867	89612	196743	265128	283096	

5564	4216
3	725750
147327	283349	295074	

5564	5703
3	482620
85314	140799	256507	

