373	1141
1	0
0	

373	2197
1	14117
14117	

1141	5185
1	54958
54958	

1593	2197
1	0
0	

1593	3867
1	4637
4637	

1593	5469
1	0
0	

1618	2197
1	0
0	

1618	2683
2	63032
0	63032	

1618	3140
1	65396
65396	

1618	3415
1	71540
71540	

1618	3531
1	36901
36901	

1618	5469
2	17623
0	17623	

2301	5223
1	17383
17383	

2301	5523
2	127528
0	127528	

2389	373
4	0
0	0	0	0	

2389	1141
2	0
0	0	

2389	2197
3	37778
0	0	37778	

2389	2683
5	16201
0	0	0	3966	12235	

2389	3140
6	219842
7712	9560	23978	50044	53771	74777	

2389	3415
3	364757
0	132291	232466	

2389	3531
1	223652
223652	

2389	3867
5	203195
13279	37661	45631	50223	56401	

2389	5185
2	76049
11995	64054	

2389	5469
2	1021096
39586	981510	

2389	5523
4	9807
0	0	0	9807	

2562	373
2	83625
13030	70595	

2562	2301
1	24290
24290	

2562	3140
2	88319
0	88319	

2562	3531
1	0
0	

2562	3867
1	0
0	

2562	5185
1	89311
89311	

2562	5223
1	0
0	

2562	5469
1	0
0	

2562	5523
1	0
0	

3140	3867
2	31105
0	31105	

3140	5185
1	0
0	

3140	5223
2	99674
0	99674	

3199	2301
5	113873
0	0	2625	4174	107074	

3199	2683
1	0
0	

3199	3140
1	25530
25530	

3199	3415
1	78796
78796	

3199	3867
1	11912
11912	

3199	5223
1	55493
55493	

3199	5469
3	52131
0	3049	49082	

3415	1593
1	0
0	

3415	2683
1	402178
402178	

3415	3531
3	79656
0	15184	64472	

3415	5223
1	0
0	

3579	2197
2	76880
33951	42929	

3579	3140
2	72824
0	72824	

3579	3531
1	0
0	

3867	5185
1	67682
67682	

5185	3140
1	66853
66853	

5271	373
3	57776
0	28016	29760	

5271	1141
1	0
0	

5271	2197
4	99188
0	3338	33806	62044	

5271	2301
1	0
0	

5271	2683
2	48037
0	48037	

5271	3415
3	260850
5527	100511	154812	

5271	3531
4	115353
11484	22695	26649	54525	

5271	3867
2	65662
0	65662	

5271	5223
2	92642
12722	79920	

5271	5469
1	8411
8411	

5271	5523
1	10711
10711	

5523	373
2	43590
0	43590	

5523	1141
1	0
0	

5523	1593
1	30628
30628	

5523	2197
5	312890
0	3696	14098	17070	278026	

5523	2683
9	370417
0	2053	3237	20090	30609	41322	81449	87016	104641	

5523	3140
2	186021
46637	139384	

5523	3415
9	778149
0	22530	41829	67584	69465	80466	90234	194223	211818	

5523	3531
3	212534
27905	68645	115984	

5523	3867
5	230179
0	7285	49427	60349	113118	

5523	5185
1	0
0	

5523	5223
2	88464
24206	64258	

5523	5469
2	40645
7623	33022	

