757 5380
1561 4922
2413 5380
757 1188
1188 2413
4440 5380
2413 2988
4306 4922
3930 4671
414 4922
3067 4179
4622 4922
803 5380
141 3660
1188 4440
757 803
1188 5380
3424 3602
3528 4922
387 1907
2819 4922
3677 4179
1561 4671
4922 5775
414 3930
2977 4922
387 4706
3484 5690
4718 5487
387 1561
4922 5687
3067 3602
2954 3930
1266 4671
387 2819
3067 3484
2794 2856
414 4671
1266 5596
387 1031
1561 4706
757 2845
2400 4922
387 5596
893 1907
1974 4807
907 4662
4850 4922
757 2387
451 4826
1430 4537
4556 5596
1561 4622
626 3930
3930 4049
1150 5596
760 1907
1907 5596
92 4217
3400 3424
132 1974
2794 4708
2856 3214
1031 1907
493 4671
1907 4480
1907 3134
387 760
1871 4807
2370 4344
1928 4922
1266 4556
3930 4300
3850 4706
803 4440
803 2413
132 3424
132 5690
2856 5636
4480 4671
3043 4671
1266 4306
1266 3043
1150 1561
493 1907
1031 5687
4845 5471
414 1031
3108 4922
387 4480
4922 5397
387 3134
493 626
1907 5687
893 5537
92 1693
2988 5380
3400 3602
3067 3677
414 5596
2400 3930
414 4706
4556 5471
2977 4306
1907 4300
1031 2152
493 4556
1561 3134
3930 4506
387 5687
2448 4706
1348 3930
1907 4306
1266 4480
138 4179
1591 2405
1971 2794
2856 5111
893 4671
626 1907
3043 4556
1561 2819
1709 4922
3528 4706
1031 4706
387 1150
2977 3930
1150 3930
3256 4922
503 1266
1031 4556
3134 5596
3790 4922
4622 4706
4671 5596
1150 4556
3484 4807
3067 3400
2633 3902
4306 5596
1907 4013
325 2954
4506 5537
325 1561
493 4480
1907 2954
581 5537
1907 2400
493 5471
2977 5537
2448 5537
3134 4556
1561 4959
1031 2954
1266 4300
387 4013
4922 5447
626 4306
1089 4922
1266 4845
1176 5537
626 1561
1266 4961
760 5537
387 5771
2954 5537
387 4850
1031 3850
4049 4671
1150 4671
387 4845
1693 4217
132 3484
138 2684
3400 3677
2881 3424
491 3580
295 491
1591 2647
1430 4718
503 4556
760 4706
1561 2977
4671 4695
1907 3528
414 5471
1176 5687
741 4706
3134 4306
741 1492
1907 3034
3930 4148
1266 4013
1775 4671
4556 4622
1561 3528
581 760
503 4671
1561 4845
1266 2954
3820 3930
325 4556
1907 2819
325 387
626 1176
3354 3930
1266 3528
2778 5537
701 1031
4706 5471
387 2977
4671 5471
2106 4671
4845 5537
325 626
626 3034
1021 5537
3043 5537
4013 4306
1176 4556
1974 3614
3067 4807
1994 3480
2881 4179
3677 4807
2881 3602
1871 3067
3067 5690
1261 1663
165 723
723 2405
972 2249
3404 4030
1836 3909
1836 4030
3141 4718
57 4718
2856 4162
2794 5111
387 3043
1150 1266
387 1176
3361 4922
1266 2977
3034 3930
3134 4845
3850 4961
1561 4049
493 5687
1150 2977
4616 5537
1381 1561
1570 3930
1017 1266
4922 5409
325 1720
741 4556
760 1031
4013 4671
760 4306
3043 5596
851 3930
493 5775
387 4622
1021 1266
1266 5775
4671 5775
893 5775
1150 1907
893 1031
2778 4706
1031 4622
757 1797
2408 2413
757 5150
757 3005
2387 4440
806 4792
2647 5621
2405 5621
679 2370
679 1135
1571 4319
3927 4708
2794 5636
269 3743
3214 4162
2522 4537
3948 5596
2677 4922
1348 5596
4556 4695
626 893
1561 4300
4830 4922
2819 4706
893 1176
1348 1907
3636 4922
626 851
1021 4556
3850 5775
1150 4706
4148 4706
741 5471
1150 5775
1021 4706
2954 4480
493 4306
1031 1775
1021 4306
4306 5771
414 4300
325 3043
581 1266
1561 4148
1928 5537
414 5687
1561 4480
2819 5687
893 3850
1570 4671
1561 3108
3930 4103
325 5596
760 5596
493 760
741 1775
1266 4959
626 1266
4480 5596
503 4306
4300 4671
3043 4706
4598 4922
1266 1348
2152 3930
4049 5537
741 4961
4306 4480
414 3043
5021 5471
741 3850
3528 4556
3283 5537
1561 2448
1561 4695
3930 4616
803 1188
3602 3614
3400 4154
132 251
132 3602
132 3067
138 1871
1663 4826
1923 2633
451 555
3299 4962
1045 2887
1385 4115
333 2647
2696 2975
1868 2750
51 1571
141 1353
1865 4718
3217 5149
141 2208
57 3217
3217 4796
1019 4026
57 5487
2794 3214
1907 2778
3283 3930
3361 3930
760 1878
1348 4306
2778 5471
626 1720
1907 3043
893 2778
1266 2106
1775 4706
835 4706
1266 2400
2036 5537
3237 4706
3134 4300
325 4049
851 4306
1334 4922
4506 5471
325 741
1878 3134
1720 5537
4480 5687
2954 3850
414 2448
387 5397
741 893
414 2954
3237 5537
851 5471
1089 3930
3062 4922
741 1031
1907 5775
493 4959
760 3850
3134 5471
1031 5397
1176 5716
3034 4706
493 851
626 4959
2954 5596
1150 4013
5596 5687
1381 1907
387 2778
414 1348
2106 5537
4556 4961
1561 5021
4556 4845
414 3256
3930 5771
2778 4671
741 1561
626 3134
893 4013
1031 4850
3043 3134
2036 3930
1031 4013
1381 2778
626 4049
835 5687
1031 4103
2071 4922
2400 4556
1381 5537
835 2448
1176 3790
414 4013
493 2778
2413 5150
1625 2413
1153 5380
304 5380
4440 5087
3484 4154
1974 5358
262 451
2065 3288
2633 4826
1491 1641
102 2727
1190 2990
464 1579
4192 4763
3916 4344
679 3916
1751 2805
36 4002
57 1430
1571 3141
1971 5111
1971 3214
3141 5487
369 1319
1406 3601
1971 4708
369 1670
2023 4319
1535 4537
336 2446
3743 5140
4718 4891
4537 5147
1571 5487
3948 5537
387 3969
387 3354
5397 5537
3850 4013
1031 3283
3930 4977
4300 4306
3930 5021
2779 4706
4013 4300
3134 5687
414 1775
414 835
387 5255
2191 5537
3528 5596
4706 4961
1907 3850
2400 2448
1775 5471
1031 4666
325 4961
1907 2152
893 3528
325 2400
4306 5471
2934 4706
325 3850
387 2934
2526 3930
2677 4706
2141 4922
760 4556
387 1492
741 1720
493 4622
2400 3528
387 1143
3134 4013
2448 5471
1348 5537
1928 3528
1709 1907
414 3283
4853 4922
1907 5771
851 4556
741 4506
2954 5687
1176 3237
2819 3850
741 1348
3354 5537
1266 1775
493 503
1150 3850
2008 4922
503 1561
3043 4961
4850 4961
1266 2152
1709 4556
835 5537
1561 1720
414 3528
4671 4977
893 3134
1021 3528
1021 3237
3528 4959
1017 4671
3108 4671
1176 3134
546 4695
4556 5687
757 5087
304 757
2387 5380
2413 4764
425 2413
1188 2988
138 3424
2881 3677
2881 4807
251 3484
2881 5048
1871 2881
1663 5521
3288 4689
2727 4962
2045 4574
1379 3988
160 2107
1502 2430
491 2270
3770 5263
2094 2392
1660 2975
1138 3164
512 1283
377 4763
679 3345
2370 3345
2851 4602
2188 3440
1721 4002
349 3755
2115 3644
312 4537
1670 3849
3217 4212
828 4537
1865 5487
963 2856
269 786
3347 4725
3792 5684
269 1784
1227 1865
3217 4945
4796 5487
1577 2719
2381 3347
929 3217
3217 4421
57 4319
369 4421
2448 5596
4300 4556
5255 5537
2400 2677
5397 5687
3134 4480
5447 5537
424 2448
3812 4556
741 4148
387 727
387 2152
1907 2503
1381 1928
626 741
1031 5775
3300 3930
3134 4959
3240 3930
3167 5537
493 893
1031 1348
503 5596
4556 5771
325 2106
325 3354
1266 1709
5061 5537
1348 1561
4306 4622
3641 3930
325 2448
1266 3948
626 2448
325 524
325 503
1348 4850
493 4049
2448 2819
3641 4480
1176 4959
1021 2448
2448 2934
325 4306
3641 4671
1775 3850
4671 5674
4306 4404
1928 4959
4306 4850
3930 4496
503 1348
3930 4666
2448 5687
162 3930
414 1176
741 3528
493 1381
195 4556
1266 5397
1561 4103
4148 4506
893 2400
1176 2677
835 1561
851 893
1381 4556
4431 5537
1381 4706
893 2819
3043 4480
835 5471
4850 5687
1021 4845
1561 1775
414 503
3043 5775
2675 3930
1089 5537
1017 3134
4480 4959
2106 5447
4671 5006
3528 4306
1907 4959
1709 2152
2152 5537
1150 4480
414 3034
4480 5775
387 4973
493 4695
493 1570
3232 3930
851 1266
1570 2152
1561 4850
4961 5596
387 4506
2106 3043
414 4959
741 3237
493 4850
1150 3134
387 4664
1907 4404
414 4845
387 4049
1031 4991
1878 4845
741 1878
893 2954
4695 5511
503 626
760 5687
387 4666
414 4850
493 1709
1492 3850
422 4556
387 4695
387 5021
1176 2448
803 1153
2454 4217
757 1537
2845 4440
3898 5380
1974 2435
1913 5772
4454 5690
4179 5358
3424 5358
1974 4921
588 4454
2190 2662
2684 3333
3484 4094
94 1663
451 3487
3288 5521
451 3431
451 3700
1042 2997
2887 4165
1042 2334
3777 4792
1651 3471
2691 4224
1045 4165
2045 4802
1379 3692
298 3692
2045 3681
464 2045
298 2731
1379 4227
1660 2392
1138 2975
377 1283
4192 4384
337 4384
1283 2765
2421 4192
512 1049
512 2421
267 2806
2806 3390
709 907
907 2371
1032 3574
4461 5374
1409 4618
3206 5018
3608 5078
3425 5078
2370 3916
536 3691
3741 4864
4323 4602
408 4602
2851 2929
2369 2851
2406 5079
2805 4323
740 2981
226 1023
4943 5165
3205 5324
3800 4006
349 3800
972 1146
3909 4030
243 3679
164 3912
3217 3336
369 1430
3217 3838
3889 3917
3097 3889
2856 5558
3386 5487
3217 3298
1571 2221
4144 5487
1571 2953
1571 1865
3217 3742
3217 5147
336 3660
963 2794
3555 4537
1971 5636
4421 4718
369 5642
632 1019
2437 2856
2445 3511
4671 5409
1775 4961
626 1348
493 4148
893 4961
1266 5409
1775 4480
1381 3850
1348 4431
4671 5447
2355 5537
1878 3850
3812 3930
3034 4480
965 4671
195 5537
3283 4706
626 4845
2779 3930
965 5537
3820 4671
2400 3034
1775 2778
893 4959
760 893
4404 4671
893 2036
1720 5596
493 5021
4404 4556
1570 2778
1928 4706
835 3850
957 3930
1561 3641
1775 1878
1176 3850
1958 5537
1031 3237
4556 5006
893 4695
503 4480
503 4404
503 3850
4750 5537
2819 3034
1907 4973
325 760
1709 4671
493 2448
851 4148
721 1878
493 2400
3134 5771
893 3948
3354 4049
626 5687
1561 5771
493 4845
931 4041
195 2448
503 4013
835 4506
4556 4973
1492 1561
1561 4404
2954 5511
1031 2400
1878 1907
1031 2448
3034 5687
4556 4977
4556 5397
1381 4959
1907 5409
2819 3134
1720 2106
1381 5471
1381 4845
4506 4706
4506 4671
2977 3850
626 5471
1381 4750
1176 2526
1561 5409
4556 5021
2977 4013
3043 4300
4148 4671
524 5537
2778 2954
387 931
1492 4706
3850 4676
835 4850
2778 3850
1266 3641
2778 4049
581 3850
3948 4961
741 2448
3948 4671
4622 4959
1561 2152
1266 3256
1266 5006
5471 5687
2954 3300
3930 5656
626 3354
835 4845
3528 5471
760 4300
1266 2819
3528 4695
2954 3283
4148 4556
1089 4706
387 2191
2819 4850
3948 4480
387 546
3043 5471
493 721
2869 3930
424 4013
4622 5471
162 387
1561 2106
581 4961
893 3034
1348 4556
524 4706
2954 3034
5397 5596
2184 4922
2757 3930
851 1907
5537 5771
2152 2448
1907 1984
422 1031
760 2819
1381 1709
3256 4671
4306 4616
3930 4877
1514 4922
414 5021
626 2977
2448 4506
3256 4556
581 851
3930 5004
414 524
1150 3528
2526 4671
1492 5471
1561 1928
414 2152
2819 5596
835 893
3354 4961
2977 4622
851 1021
422 1266
4706 5775
325 4991
503 2106
3256 5537
1021 1031
325 3108
2448 2778
4306 5061
41 4922
3930 5006
626 1878
1878 4671
3361 5537
1266 4404
3043 4695
3043 4306
760 3034
3850 4300
325 2819
4973 5596
3930 5208
2400 5537
581 5775
4850 5397
3361 4671
581 4556
4300 4706
4300 4845
4300 4961
4306 4959
1266 3034
701 4922
325 4750
4306 4961
325 4845
4622 4695
3850 4977
4973 5471
3850 5687
4961 5775
803 3724
1188 1797
1153 3898
3424 3614
3614 5048
1187 3602
138 5690
2684 5358
3293 4490
588 981
2353 2684
5048 5358
3484 3614
3480 4308
3333 3484
2435 3484
1187 1871
2190 3293
2684 3809
5048 5133
1871 3293
588 2353
4094 5690
1084 5048
119 1967
1994 2294
588 2684
2294 3480
2294 5772
1994 4436
2190 5690
1261 5177
451 3126
1511 3943
451 2648
451 2973
1663 3540
1533 1663
155 2633
451 3235
3902 4826
1533 3288
1651 2691
1513 5307
1513 3248
1491 5362
2524 3248
238 1042
2887 5362
2727 4165
3248 3777
333 4736
2107 4736
501 1579
1399 2990
1502 2950
2731 4227
165 3590
2990 4112
1379 1573
1466 2950
1466 4574
1723 2431
377 4724
337 1065
2765 4384
2421 2765
4192 5441
5130 5757
801 2478
709 2371
1676 4199
4662 5219
2241 4121
2519 5017
536 679
1727 3171
1112 2631
1751 3171
810 3741
17 2851
1727 2929
695 1667
2510 5604
7 4390
2587 5756
7 2299
534 4390
571 1163
571 3723
4006 4647
3224 3800
1146 2249
713 5036
1895 5036
1960 3404
3216 3404
2326 2634
1748 3313
2128 3281
3436 3975
3583 5487
1359 4718
1971 4162
51 5487
655 982
4708 4788
2023 3217
3743 3927
2833 4708
2221 5487
2437 5636
1784 5140
4152 4718
2551 4162
3583 4319
1359 5746
3386 4319
4162 5111
976 4708
3359 5487
996 5487
2381 4725
51 2032
963 5111
369 3822
2437 2794
963 5636
3217 3822
228 4718
1227 1430
1516 1613
1493 2555
1468 1516
4056 4858
3300 5537
2355 5471
2106 3850
2869 5537
893 5771
893 3237
1492 5537
503 1720
2106 3840
4868 4922
2036 2675
1492 2675
325 1348
1266 1570
1775 5021
1266 4991
851 4961
1021 3134
851 2036
1021 3850
1031 4695
503 4961
1089 4148
3354 5471
2355 3930
741 1150
851 3034
626 3636
760 1720
1021 4013
893 3790
1928 3850
1176 1958
1775 4556
3034 5775
2977 4404
503 581
3636 3930
1775 4506
851 1775
851 2934
4371 4959
493 1348
1266 4911
1266 3361
741 2400
503 741
1031 4664
1381 4961
1176 4049
162 1348
3528 4845
626 4103
893 4049
1561 2141
1492 3134
893 4148
1928 3134
1021 4431
626 4300
1348 1720
503 2954
3043 5447
566 3276
3043 3820
1561 2400
503 4300
1561 1984
1348 4616
1266 5255
893 4973
2036 2280
721 4300
727 741
893 4666
3528 4300
835 1348
741 1381
835 4961
851 3167
4911 4922
1561 3820
195 4706
493 1492
4598 4706
851 1031
1021 5061
741 4013
1348 5687
851 1089
626 1570
1266 4616
3134 4622
1089 1561
566 3495
1570 3134
1492 1775
1372 4922
1176 4496
2036 3134
1017 1031
3167 3850
493 2036
493 2869
2819 5021
1017 5471
1570 1709
741 3108
1017 4845
727 1021
1031 5006
1021 1775
493 5771
3034 3528
3043 3528
2280 5537
1021 4961
3641 4868
1021 3043
1031 3790
626 2819
493 5397
741 2784
2106 2869
1176 4845
3361 4306
1570 4013
626 2677
1561 4977
503 4622
4671 5208
1017 5537
2819 5771
2071 3930
4850 5471
626 4616
835 1031
4480 4961
2106 5511
3167 4961
835 3134
626 5771
493 3034
3969 5471
503 5775
414 1570
3034 5471
414 5006
414 4622
4103 4671
2810 3930
493 4977
1907 4850
1775 2448
414 2977
3108 4961
1150 1348
1878 4706
727 4556
3134 5447
1709 2778
1150 3043
1878 4556
2144 4922
835 3034
1907 5255
414 3108
835 1017
2152 3134
1031 4616
414 1878
387 3283
4480 5447
2526 5537
2954 4013
414 3361
4496 5537
1958 3930
1031 2819
422 1348
4480 5471
414 1021
4750 4959
4480 4622
2526 4480
1720 4845
4480 4868
422 4959
2526 4496
1031 3256
4706 4977
1709 5537
493 3167
546 2526
3850 4148
169 3930
1720 2448
893 5596
581 1031
4922 4999
387 5409
3790 5537
3134 3237
4148 5775
1720 3134
1720 2954
3802 3930
1720 4556
1775 3528
741 5596
4049 4706
162 4671
4431 5471
2675 5537
626 5716
3237 4845
893 1492
626 721
4431 4845
1720 4622
835 1720
581 1878
835 2036
387 2526
1348 3034
387 2280
2757 5537
387 2008
325 4300
1031 4219
2503 4480
2503 4556
760 4977
2778 3043
4706 5021
387 1709
1720 4695
2934 5596
3820 4300
5537 5716
4922 5505
4254 5775
701 5537
493 4404
1775 3043
4706 5409
524 3043
3240 4671
2191 3850
546 1561
3256 3930
4706 5255
4254 4922
215 4867
1176 5596
1928 4556
1720 5471
387 965
2784 4922
2503 3300
1031 4306
3850 5255
3237 5471
3134 3528
4155 4506
524 4480
581 4013
473 4922
4013 4961
1720 4961
2191 3930
1907 3802
3850 4959
493 3790
2778 4961
2934 4973
893 1150
4961 5397
3134 3820
3948 4506
325 3237
2778 4506
1775 4013
701 893
1775 1907
1348 4300
581 4306
760 2036
760 4013
1720 5447
4300 4959
3283 4049
1907 2934
2448 4695
2400 5687
2448 5021
4959 5687
2448 3790
1031 4830
4306 4431
2448 4973
835 1775
1031 4506
2778 3354
4306 4695
4706 5658
3283 3850
1907 2677
2448 3850
760 2778
4922 5747
3850 4506
4013 5255
4306 5447
2778 4695
4217 4998
757 3567
757 2511
2413 4505
1646 5380
1763 2948
757 1763
498 4440
3069 4440
1763 2413
1084 2190
3614 5690
3400 3614
2190 5133
2284 2662
119 5690
4643 5048
1084 1871
2284 4094
2662 3293
1187 2662
2684 4643
1857 5048
1187 4094
3333 4454
3809 5048
1526 5048
1084 1857
2190 2284
3983 4677
132 1871
463 1974
2662 4094
3809 4094
119 792
2190 4490
792 3424
1187 3293
3614 3677
251 3424
1831 2165
1840 3381
1084 3293
1948 2684
4179 4921
1084 2662
463 2684
1871 2190
2284 5133
132 4297
4154 5048
1187 2190
3424 4490
1485 1871
1857 2684
1030 3293
1485 1974
2284 5690
1306 1974
2662 5690
1871 4490
2190 4094
1498 5273
2684 3545
1084 1187
2633 3312
1923 2973
451 1873
181 3431
2633 5623
3943 5623
2984 4842
1491 4165
806 2524
2202 5362
2334 2887
2202 2887
1045 2334
475 3471
806 3777
2202 3662
2420 3299
1045 2202
2334 5362
2335 5307
2335 4115
4165 4962
3138 4672
677 2420
2524 2691
2693 3142
2107 3590
1190 4227
2107 4855
1190 3681
160 2647
184 2517
1190 2950
1573 2045
1190 1399
1466 1502
1379 4112
184 5621
298 1399
333 3637
501 3681
2950 4802
333 4855
464 1466
464 1502
464 1573
464 4802
3988 4574
3692 3988
501 1190
3681 4574
298 1573
298 1900
1723 3921
1064 3921
2392 5552
1978 5263
2975 3765
2975 4313
382 4724
241 1980
337 382
337 5046
1065 5046
4724 5046
4192 5234
2243 5643
1995 5643
1810 4126
4522 5757
801 2806
1810 3155
3155 3390
3155 4126
1930 3072
3441 4688
1032 2496
1409 5374
3578 5657
1868 2228
1474 4457
864 1868
864 2671
515 5078
2785 3345
205 3691
649 3741
408 2369
2369 2929
17 2369
1040 2805
2631 3741
2631 4864
810 4602
1040 2406
2369 4864
4385 5068
818 4866
1721 5604
7 4385
3249 5756
36 4385
36 5604
206 2379
129 2476
979 2667
2300 2788
660 2119
305 979
305 5028
37 3599
4647 5324
680 5676
680 2060
3224 5583
570 5676
3205 4817
570 2238
4006 5607
1585 3644
3535 5036
713 3535
3876 5108
3313 5729
2634 4290
620 5592
1109 5069
1686 3592
1445 5351
2389 5271
3912 4626
1848 4725
767 1410
57 1571
201 212
2551 5636
3217 5339
2953 4319
4162 4708
960 2114
4319 4891
3217 3359
4162 5636
1971 3743
51 4945
761 3184
1971 3247
2551 3214
2698 4718
97 1430
51 2953
1430 1670
2227 4537
3217 4785
3217 3808
310 3217
3560 4718
3097 3347
857 4537
3217 4185
1145 4708
745 4537
2023 5487
1319 4319
1435 4537
510 767
1165 3587
1330 2719
3583 4891
960 3587
1571 4144
786 3743
937 5265
2221 4319
1647 5487
1571 3242
51 2221
369 4796
97 4319
1571 5207
1571 1670
369 4785
1330 1577
3141 5642
2297 3347
1430 5642
5149 5487
1613 1848
3849 4319
224 1571
963 3587
269 5558
2078 4537
28 1807
1019 4947
4319 5399
3217 4663
488 5684
97 369
1784 5558
510 1410
51 97
3840 4695
1143 4671
1143 4584
1907 2191
741 3948
3495 4013
1266 4496
3820 5596
893 4750
4584 5537
2819 4480
2954 4961
4959 4961
2280 3930
626 3167
2819 4622
1775 5687
3043 5255
3528 4961
3820 5775
1266 4831
893 4506
1089 4556
1089 4671
3173 4671
760 1176
2355 4306
3043 4845
893 3354
4556 5447
893 3108
1775 4850
325 1492
2819 4300
1176 3283
741 3034
503 2400
4584 4671
2106 4496
1334 3641
741 2977
4584 5471
1017 4850
965 4431
325 851
851 3134
2977 4480
3820 5471
1089 5775
2819 4845
1089 3850
851 2448
851 2778
1928 3043
626 4496
851 4103
626 4506
4556 4854
1073 4506
325 1878
3528 4622
3283 4506
965 5471
931 1561
1568 4922
1176 4013
1709 3134
4496 4671
2819 2977
2869 4556
741 4854
1709 4480
195 5255
2819 2934
1602 4049
626 5255
1017 1176
1720 1878
1150 1878
4562 4922
1176 3034
1073 4867
741 4973
3790 4556
2259 4922
2977 4300
2819 4961
2106 5255
1907 5397
1266 4371
1709 1928
195 5471
1266 4977
1561 4496
1561 4616
1089 3108
1561 2934
851 5255
4506 4850
851 2954
2106 5006
4922 4951
741 5021
783 3930
3802 4480
964 4706
2259 4049
4431 4961
721 1031
4431 5596
1907 4616
1720 3034
2036 2448
741 5061
195 4506
2106 4977
1720 4431
1720 4306
4922 5042
1021 4616
1720 3850
1720 3528
2259 3930
3790 5687
1021 4695
1907 4598
1720 2912
4922 5363
1021 1561
721 851
3173 3930
4616 4961
1176 3222
1720 3948
626 4666
964 1266
1570 4480
1775 2400
4901 4959
3636 5687
1907 3165
546 5447
2355 4671
893 5409
195 835
195 851
1570 3528
546 5537
1602 3930
741 5674
760 851
1021 2106
3062 4671
4598 5537
1720 5061
2400 3300
741 2778
1021 1878
503 4695
2400 3636
893 1381
1073 5537
2819 3636
3300 4671
503 5447
1570 4306
2912 4961
1089 1150
893 5716
2977 4845
893 1089
1775 3034
4431 4556
1775 2819
1720 4850
2779 4671
1570 5471
893 1017
1907 4049
721 3850
851 3758
893 1775
1017 5687
1928 4480
4506 4961
2977 3108
3361 5775
957 5596
1348 3820
1176 3256
195 1021
1021 1150
1017 4959
1266 4103
1021 2036
760 1021
626 4961
546 5716
1021 1176
1775 2355
741 2355
3167 4556
3283 4959
4922 5574
503 3528
1907 2779
195 503
1021 4480
1514 4556
325 581
4598 5471
1907 3167
4404 5471
2977 3134
4404 5537
325 546
2141 3641
1266 3820
1266 3300
1348 2977
4922 5739
957 4013
626 2778
1775 4103
2008 4706
1492 5775
3043 3850
1176 4306
893 1878
1907 4155
1720 5687
4506 5255
3636 5537
493 4103
414 2036
2526 5716
1031 5255
414 2106
1150 3361
414 3790
1266 2869
2539 4922
2577 4922
3222 3930
3043 3354
581 835
2675 3237
4633 4922
2036 5775
783 5537
414 4103
1021 5596
768 4922
3062 5596
546 893
546 626
1492 4961
1266 3062
1266 2830
493 1017
2577 3930
1878 4306
503 1031
524 1370
1266 3167
1150 4148
493 4155
4710 4922
3134 5255
1021 5006
3134 5021
422 3850
546 4480
1907 1928
422 4306
1348 5771
2526 5447
1150 3237
2152 4666
835 5021
651 4706
493 1089
835 5775
1878 4148
1492 4556
1266 3237
1348 5006
4622 5687
2071 5471
1021 5471
1907 2036
651 3850
1348 5775
422 2911
2819 5471
422 3528
4664 4671
1176 1381
3134 4695
2152 4622
3134 4666
1176 1878
3233 4922
503 835
1031 5716
1372 5537
1031 4973
741 2191
2152 3354
651 1031
1372 3930
2954 4506
1031 4901
1492 3237
4148 4300
4049 5471
3237 4306
3237 3850
581 1021
1150 4622
387 2503
581 893
3930 4750
1266 2675
5004 5537
2152 4706
204 4556
4845 4977
835 4431
387 5716
387 5208
325 5716
2954 3636
524 4961
626 1381
2308 3930
387 4853
4666 5596
2448 5716
835 4148
1150 4695
3354 4706
727 3134
2778 4480
651 5775
4706 4973
1031 3240
3108 5596
5447 5716
1031 1150
4013 4973
387 1381
4049 4961
2778 5255
325 5471
493 2106
3108 5775
4148 4622
4155 5537
1021 4977
1492 1720
387 4219
581 2819
422 5537
546 2448
387 4103
2184 5537
1381 4480
3930 5674
387 3948
3930 5412
2503 5716
4013 4830
4049 4666
5397 5775
424 3930
3354 3528
2464 5537
3040 4922
2954 3134
727 4706
4973 5687
2448 4013
2778 3283
760 2191
4977 5471
760 4049
760 5771
387 3268
325 4148
3040 4671
2191 3134
581 1720
493 3354
741 1543
1381 4506
524 5596
5687 5775
524 4556
741 1176
4148 4961
2954 3354
2977 5771
2036 4616
204 4922
493 2934
4671 5004
4706 4959
741 851
3276 4556
1176 5511
5208 5775
3159 3930
4961 5006
325 3641
3354 3850
182 4922
1183 4706
1031 2184
2934 5471
387 524
493 4616
3850 4695
2778 5656
509 4845
3930 4806
524 741
524 1176
4676 5537
760 2448
524 1720
4806 4922
3948 4306
3948 5397
4671 5716
4219 4922
493 5447
325 2503
4959 5775
2448 3034
4706 4850
3850 4850
2448 2677
1092 4850
325 3300
1176 5471
3930 4769
1031 2830
2448 4148
1031 2675
3034 5397
493 2977
5021 5687
2036 4706
3034 5596
4676 4706
2778 4148
3134 3167
2448 4845
3948 4013
760 3820
835 2191
2977 5775
581 3948
3948 5775
1381 4300
1031 1958
4155 5775
4013 4959
2778 4750
4959 5656
1797 4505
2845 3005
2845 3567
2845 4610
1188 3898
2845 5150
1693 2454
2413 4241
1188 2948
1797 2948
3005 3567
4440 4505
1188 5087
757 3069
1678 5682
293 5098
2408 4440
2178 2948
2178 4440
2353 4454
1030 4490
3695 5048
3841 5048
3809 5133
634 2190
138 4807
4094 5691
3293 3333
2662 3841
4094 4454
3333 4094
2606 2684
3381 3983
792 2662
3333 5288
2684 5182
1498 4490
1498 3510
3809 3841
4179 5762
1520 1871
792 4490
2662 3809
792 3400
3333 5690
2190 4318
2662 4490
792 4094
4094 5133
2662 5133
3677 4454
1994 3925
3602 5383
792 3293
4318 5048
2606 3293
1498 3293
2881 3400
792 2284
981 4454
1498 2190
1857 3293
3400 4807
1030 2190
2190 5273
792 3545
1857 1871
2190 4454
462 5052
3484 5277
1084 4490
361 2051
792 5133
1498 1871
2190 4643
1302 1871
1030 1187
634 3293
4453 5048
2843 5048
4454 5133
1302 3484
3293 5133
4454 4807
2284 4454
1967 2190
4454 5707
2190 3809
792 1084
2190 3841
2843 5288
2190 3333
1526 3424
1187 5273
1967 4453
5358 5690
1948 4179
119 2190
792 1967
1526 5690
119 5273
3293 3303
119 5133
1187 4454
119 2284
462 1773
3293 4454
1857 4643
5048 5288
5250 5392
2684 5691
4527 5048
119 3293
1302 4094
119 3677
119 3545
2684 3841
3293 5273
1967 5273
2684 5259
2284 3809
5048 5259
1156 5048
1967 4454
4643 5133
1967 3293
1187 4490
138 3067
1187 1302
2843 3333
1871 3303
1084 5133
1030 1871
3303 4490
2684 5494
1187 3333
1187 1857
1306 4179
3293 4643
1967 4490
792 2190
1871 2662
2684 3695
119 4094
1871 4643
4490 5273
3943 5486
3943 4081
1923 3902
94 3902
1261 3288
3235 5177
2633 3500
784 3943
2633 3235
3712 3943
2065 5521
1261 1533
2633 2648
451 1657
1261 2065
451 2211
262 1663
94 1511
2973 3902
3902 5486
111 4507
94 1295
1923 5486
1491 2202
677 5031
1491 2420
2202 4165
102 2420
3662 5031
956 4424
2887 5031
2334 4962
475 1651
139 5031
1651 3777
2420 5362
2693 5307
2420 4962
165 5644
1466 3988
1466 3681
165 1209
165 607
3637 5375
1466 1900
1466 1573
3580 5375
295 1209
160 2270
1399 2731
1573 1900
184 2270
184 2559
3449 3464
723 3590
723 4736
1900 2045
2731 4574
723 5644
1190 2731
3580 4784
1900 2731
1190 4112
3681 4227
1190 3988
1502 2731
1502 4227
160 4855
2270 2559
464 1900
4736 4855
3637 4855
3637 4736
501 2950
1399 4227
2517 3580
1209 2270
2517 5621
501 2045
501 2731
464 3692
501 4574
1502 1900
4549 4940
2392 5295
3770 4280
1138 3770
2874 3770
4313 4549
1138 4280
1138 5263
1551 3770
1978 3770
1978 3921
2431 4034
4549 5552
1837 3770
2392 2460
2392 4363
1064 3770
809 4549
809 3921
809 3164
1660 2431
3921 5263
377 5576
1283 1812
3230 4763
70 2765
512 1228
1065 4384
4724 5234
377 1812
4763 5234
1049 2421
337 2421
1049 1065
512 5234
4763 5576
5302 5643
3686 4460
2271 5727
258 5643
3946 5643
801 3325
2275 5757
950 2112
1930 3390
2865 3072
2806 4126
1810 2040
3072 5130
1810 2561
2275 3390
2746 3072
2275 4522
950 2275
4126 5757
267 950
907 5754
3441 4543
2371 3574
1676 3013
1676 2371
709 1676
2241 3206
3520 4397
601 1825
1941 3725
4216 5703
1522 2247
3340 4500
1522 4257
2084 3578
103 3578
1868 4457
103 1729
103 1066
3515 5580
3722 5439
515 5580
2785 4859
1082 4344
536 2940
1135 3345
1135 3916
3345 3916
3582 5110
82 679
1540 3741
2369 2631
1936 4602
2369 3171
17 408
2851 4323
3741 5079
1751 4323
3171 5079
3741 4530
17 1751
810 2929
1136 4602
1727 5079
2929 4864
4864 5344
1275 1817
4028 4739
274 4356
1327 4866
2299 3083
2587 2855
274 3249
2855 3083
274 2855
4002 5604
2510 4356
818 1721
4482 5723
2884 5514
3581 4760
3581 4482
2248 4380
1163 3723
1304 4102
2479 5340
2237 2788
1133 1793
2237 5028
2119 2237
1793 4492
2119 5165
305 1133
660 2300
443 2575
37 5029
2575 3497
1677 5653
5324 5607
680 4429
2238 5583
2060 5607
2060 5583
2060 4817
2238 5676
2060 3224
2238 4006
349 3224
349 2238
2721 2776
2721 5391
2721 5369
2972 3739
972 1743
2689 5036
3739 5000
2972 3106
2249 3535
713 2249
3106 4738
1743 2249
1960 4030
1836 1960
3404 4641
3876 4290
2634 3876
1748 5729
1748 4290
243 5729
1473 2367
397 4088
2253 5485
664 3279
2914 5485
392 844
2536 2636
1249 5069
2957 3376
476 1445
4146 4403
1115 2411
3508 5172
404 5768
1966 4409
3785 4659
472 5612
589 5728
4941 5402
1506 1807
1359 2953
4718 5072
2437 5111
444 4718
4725 5336
4734 4771
4718 5139
4406 4537
2953 3849
1626 2267
745 3217
1647 3714
4162 4788
212 1906
369 5399
1055 2254
3660 3716
141 4774
632 4026
2833 4822
3359 3742
1319 1670
1728 5487
960 2305
811 4708
828 2953
4144 4319
1216 4537
4593 5684
1227 1571
148 2315
4718 5746
1430 3141
269 3927
369 5526
2445 3365
3587 4411
2953 4891
551 2267
1753 2297
1019 5235
97 338
141 1899
1287 4537
767 829
2307 3347
369 5147
3217 5207
4411 4734
57 3141
3587 4771
4451 4858
3587 4734
1784 2514
1468 3889
1312 5558
2781 4734
829 1410
2023 4212
4212 5487
1010 4891
1010 3583
2794 3184
269 606
3743 4182
269 963
786 2514
1685 2619
611 4708
51 3141
2898 3587
369 3555
2514 3927
1670 3141
2618 4537
960 4734
1227 4319
963 3214
97 2953
2053 4537
1010 4718
982 4056
1516 2297
369 1510
2290 4734
336 4396
937 2753
1940 4537
97 2698
2781 3587
369 2032
2551 5111
1710 4537
2645 4537
369 1227
2410 3889
2856 4788
2147 4718
963 3743
2589 4923
3217 3460
510 829
960 4822
996 4718
5487 5642
224 4319
2612 4319
309 3347
97 4891
2221 3141
3386 4718
2645 5487
369 3742
2781 2898
51 4144
1865 3560
1227 4718
2551 4822
2290 3587
2781 3655
2036 3237
4598 4671
4103 4706
4664 4706
626 2779
4622 4850
1348 3948
727 2448
3361 5596
1381 1492
1984 4671
3361 4013
2036 5687
195 493
1907 2810
1266 3159
2308 5537
503 1775
727 1561
1372 4706
893 1709
741 2106
1370 1561
2308 4671
3062 4556
3354 5596
2400 3790
3354 4506
1348 3528
1031 5021
4633 5537
1266 3232
325 1021
489 4706
546 5658
893 1570
1928 4961
3134 4973
3034 3636
1266 3812
1266 3802
493 509
760 1089
1907 2869
1183 1907
325 651
2008 4671
195 741
1907 2539
1928 4622
2280 4845
1381 1602
835 4959
1348 4404
503 2869
741 3167
1381 1570
2400 3850
325 422
893 1143
1907 3062
3134 4750
1266 4666
3528 4431
503 3043
741 3043
3528 4598
4706 5771
4664 5537
1928 4306
835 1878
4850 5596
3043 5021
41 1334
3062 5775
4616 5397
835 5596
3134 3948
493 524
893 2191
195 414
1266 2784
4616 4977
727 1775
3043 3237
1266 2779
4671 4769
3324 4671
3528 4911
3043 3641
3043 4991
1031 5409
893 3062
1266 4155
851 1878
893 3167
1928 4300
3062 3134
3528 5447
721 4961
1266 5004
4666 4706
325 957
760 1150
626 2869
931 5687
1266 4431
727 835
1266 2912
1348 5397
893 2355
2400 4961
741 3165
1266 5061
546 4671
3134 4977
2352 3324
503 3256
626 1492
503 3300
1984 3930
4845 4973
1143 1266
2819 4666
893 3283
325 1150
503 1017
1266 5208
3528 5775
1348 4480
2191 5596
2779 3043
1907 2144
3324 3930
2308 4556
4622 5447
835 4973
3528 3641
493 1602
195 5687
3108 4049
626 1334
4666 5687
2869 4306
851 3040
851 2869
3134 4431
4877 4961
626 3802
1970 2778
2280 3134
4877 5537
4556 5716
4671 4676
721 4556
721 4616
626 3237
4622 5775
3108 3850
493 2152
851 2819
626 3820
4695 4845
2355 5596
1089 2448
741 4616
493 5006
741 1089
835 3948
493 2503
4506 4845
1958 4261
2259 5537
851 5021
493 5061
835 3361
741 4431
835 4013
493 5152
1092 4961
835 3283
835 3324
493 5208
4830 5537
503 4616
721 4148
741 4695
2819 3283
1334 4480
626 5447
626 4750
851 4616
893 4300
851 4049
4671 5021
4506 4616
4671 4831
851 3237
493 2912
835 3237
3636 4480
4671 5421
721 4306
741 4622
1089 1878
2810 3240
3641 4556
493 3108
1334 4868
1266 1984
546 2778
195 4973
195 5021
893 5397
1266 2071
2293 5537
2819 2954
741 948
727 4431
5 5537
493 4973
1907 4991
3108 4300
851 5775
2036 4556
741 5255
851 4622
741 5006
3285 4922
727 3850
4556 4850
1958 2954
1907 4666
4769 4845
3790 4671
851 4845
3108 4148
3790 4622
1958 2989
3108 5656
2810 4671
4480 5006
3641 4706
4480 5397
856 1907
2355 4877
3790 4306
3134 3240
1073 3930
3283 5775
727 4977
493 3283
727 4845
2355 4961
835 1176
3816 4922
1334 2977
2784 5537
2912 3134
626 856
4480 4496
4480 4616
3134 3165
3354 4622
4671 5042
741 4404
3108 4306
503 4959
3283 5596
2912 3820
1907 4246
835 3528
3134 3354
626 760
1938 4922
3790 5716
3802 5716
4431 5061
721 3134
3641 5537
721 1266
493 5716
4695 5596
503 5021
1089 1492
3283 5687
741 5397
271 5537
4806 5537
3108 4706
2784 3930
1907 3969
4404 5771
493 4664
4671 5255
4671 5747
4404 5775
4556 4750
626 4622
3802 5447
931 4706
835 2400
741 4071
1907 4103
856 4706
856 4556
3802 4496
4556 5061
195 1266
4431 4706
1907 3324
851 4973
1907 3636
2355 4556
2779 5716
2869 4616
1928 5687
1348 3043
4556 4676
1928 2152
493 5255
851 4506
4845 5716
2912 4671
493 4598
893 4155
851 4480
4907 4922
1176 5771
422 1907
414 1017
1775 2954
3159 4845
387 5042
3173 4049
3237 4556
1878 3528
1775 2675
2152 2830
651 3283
581 1348
2152 4480
1381 4850
3233 3930
2152 3283
387 4676
2152 2259
3134 5716
581 626
3173 4556
1775 4148
3237 4431
1150 4676
1150 3641
414 965
1775 3636
948 4671
1492 1543
1176 4973
162 5537
1775 3108
1031 3948
2989 3641
1492 2912
1878 4480
1031 2259
1031 4977
651 5596
763 4922
1878 4049
3233 5537
2184 3850
422 2954
2954 4901
1878 2448
1878 2036
2152 5596
581 1089
2152 3528
422 3043
1150 4496
1775 5255
2675 4706
651 4959
169 387
414 727
1492 2778
414 964
2530 4922
4142 5537
1775 4845
1176 1348
1021 4973
1031 3034
1176 4750
1878 4598
1176 1514
2448 4480
2152 4991
1031 4831
1878 5255
1878 4973
1878 4959
414 4695
3173 5537
387 4831
1021 4071
2577 5537
1878 4622
783 3361
1878 4616
1176 1183
414 2675
835 851
4103 4300
651 4306
1150 4666
1176 1928
414 5397
422 524
2526 4306
1031 2036
651 1907
650 2592
1492 4103
414 5771
4142 4431
2954 4666
414 2400
422 1176
1381 5775
1031 3969
387 5412
1150 4404
651 2954
414 4616
2057 4922
1031 4148
1381 3528
169 1907
414 1372
422 760
1176 4666
414 4830
2954 4300
387 5447
2977 5255
3237 3528
3159 4671
414 1720
3159 4961
4068 5537
651 5471
3134 5397
414 5447
581 1176
387 5647
581 964
1031 1492
414 4973
422 4961
2152 5687
1907 1958
1021 2675
387 2912
1150 5061
4049 4506
2184 4706
422 5596
1150 4977
2526 2779
4049 4845
1021 3361
581 1492
3237 4695
2675 5471
387 4496
1150 5255
524 4911
965 3930
387 4041
387 4633
1176 4371
760 5447
3162 5134
1143 3930
1021 2468
2526 2977
1017 5596
2503 5537
581 1775
1561 3062
1709 4013
581 5255
325 4977
325 5004
5511 5537
1561 2912
1561 3165
2954 3167
3930 4254
4155 4959
581 2675
760 4616
1709 3528
325 4850
965 2191
1017 4961
2675 5775
524 5471
760 4480
387 2779
3268 5537
5687 5716
760 5363
2977 4506
581 1928
4306 5152
387 2539
2757 4306
2191 3354
1017 4556
1561 3969
4148 4973
1017 4431
760 3237
581 2036
760 3159
2757 4922
760 5061
1017 4300
5596 5771
524 3850
3930 5256
4148 4977
1017 3240
581 3034
424 5596
387 2144
424 4068
2106 5687
3894 4922
2448 3283
4977 5596
4013 4155
3237 5771
2778 2819
2464 5775
964 5471
2778 5409
2778 3641
2106 2862
162 4306
1017 3237
2106 2977
1017 1021
524 4959
2677 3802
387 1092
964 4845
1543 4706
2503 3802
524 3283
5537 5606
5330 5471
2503 3790
4973 5021
524 4850
581 2448
760 4853
2106 4854
3969 4706
387 964
3969 4671
3237 5061
2448 4693
524 4750
2778 5775
325 2912
1602 4750
3930 5330
1561 4666
1720 4959
4961 5687
965 4506
2778 4845
1709 5447
524 2448
4254 4671
2503 2778
964 1492
1720 5152
325 3820
965 3043
3256 4959
2448 4300
3930 5042
1176 3108
2106 4845
3930 5511
2106 4598
3165 4922
3969 5021
4013 4845
2503 2677
1143 4556
4961 5255
2934 3528
3850 4666
1720 4598
325 3802
325 4013
1709 5775
965 3850
581 5021
3930 4831
5006 5537
3930 4854
1602 2152
1592 4556
2448 3108
360 2448
701 3354
4300 4616
2448 4850
1570 3043
760 3354
1570 1907
1568 4306
2106 4404
4254 4854
2778 3108
4013 4616
2954 2977
5447 5596
4155 4306
387 651
4306 5716
2934 4148
2400 5596
4959 5471
3167 5471
3850 4622
325 3167
3850 4854
1150 2106
1720 3354
1720 2810
1720 2675
4148 5687
4306 5505
4991 5596
2191 4961
325 5771
3930 4642
1602 4666
2448 4049
524 760
360 893
2954 5775
2106 4961
2448 4616
581 4845
4300 4977
1143 5596
3930 5061
3930 5152
1570 4706
1143 5537
3167 4306
325 4496
1570 4103
5061 5596
1570 3354
581 4480
760 3283
3930 5671
5152 5537
2448 4961
4265 5537
1570 1928
3969 4556
2448 5511
524 2954
162 760
1561 4830
581 3528
581 3237
3976 5537
4013 4480
2934 5687
643 4049
1176 3948
4959 5255
1561 3237
4013 5397
2106 3237
1561 2503
2677 5687
424 1907
2677 4556
1720 4506
2954 5397
2954 5006
1720 5771
3850 4431
1720 5716
3850 4584
957 4671
3850 4598
325 2675
4241 4610
3724 4440
790 3893
135 3200
1797 2988
1763 1797
2454 4998
1537 4440
1188 1763
425 5380
2148 4440
179 5380
423 757
2178 4505
757 2484
1678 4440
2988 4764
2135 3482
1153 1763
4440 5682
2028 5380
1646 2413
2413 3762
304 803
1153 2988
4568 4610
2413 3490
1773 5133
1302 3602
2843 5690
1187 5288
1187 5133
119 1187
462 5762
4318 5690
792 5277
1857 2606
792 4643
1187 5691
1857 1948
4454 4490
2051 5052
2662 5691
2662 5288
462 5182
119 1498
2051 4179
1857 2662
4454 5273
1302 2190
1857 3809
119 1857
2281 5315
1773 5048
119 1084
2662 5273
1857 2190
3841 5691
2662 5259
462 3489
3841 5133
1302 2284
2051 5182
3841 4094
1857 4490
4490 4643
462 3903
4454 5288
4454 5277
792 3303
2051 5762
1773 5052
3809 5259
1773 4454
2662 4643
3713 4490
1187 4643
792 1857
1773 2590
3809 4643
3713 5273
2684 3238
119 2662
462 2590
1302 3841
792 1187
3695 4179
2662 4454
1857 1967
3067 3614
3510 5273
119 5315
4179 5277
119 5277
4179 5315
3035 3067
3677 5358
2606 2662
1187 4318
3809 5690
3333 4490
2843 4318
462 1187
4094 5259
3677 5133
2606 4490
1187 3400
1302 5691
4094 5277
2843 4454
2881 3067
119 4643
4094 5288
4490 5133
119 4490
463 3484
119 3809
4179 5052
4643 5691
119 4453
2662 4318
1187 3809
1187 2606
3545 4094
119 3333
462 2051
1871 2606
1302 2662
2843 3293
4272 4743
4575 5273
3333 5259
3303 3484
1187 2843
2662 3333
2843 3484
1187 3841
770 5315
4094 4643
3333 4807
3484 5691
119 634
1302 5133
1974 4575
1967 5690
1967 4094
5259 5690
3293 5288
5048 5691
5182 5762
1463 5048
1948 4454
2190 3510
2190 3303
3238 5048
3293 4094
1470 3424
619 1498
1871 3841
5259 5288
5052 5762
5133 5691
1871 5691
1156 3424
619 4490
1871 3510
1871 5581
1967 5277
1187 1498
361 462
3293 4318
1187 1463
132 3400
1967 2284
4899 5569
770 2281
1156 2684
1967 3809
4809 5273
1871 5315
1871 5273
2190 2843
619 3713
1156 5259
1967 2662
2284 3293
1187 2284
2284 3841
5277 5690
1526 3400
1526 4527
1463 3484
1084 2284
2284 3677
5288 5690
1948 5048
1470 1974
2684 5707
2190 2606
1967 3333
1187 1948
4752 5273
1967 3424
1526 5133
1187 1967
1967 3545
3293 3510
1967 5133
1967 3677
1187 1773
1084 4453
3369 5048
1084 4318
361 5762
1030 2662
2190 5691
1084 1526
1084 1967
1084 1520
1498 4454
634 3510
138 4454
1084 4094
361 5052
1526 2284
1498 4575
1084 5691
1084 5288
619 5273
1030 3303
1030 1084
1872 4454
1948 3333
1084 5259
634 5690
1498 4752
1526 2662
1030 1498
1030 1520
1498 4809
1030 3484
1526 1967
1526 2190
1084 4643
1030 4318
2190 5288
1084 3841
1084 3809
1520 5048
1084 1948
1030 3510
3234 4272
1498 1967
3484 5288
3484 3545
634 1187
1030 2843
1084 2947
361 5182
2190 4453
1084 2606
2190 5259
634 2662
3424 4527
1520 3293
1030 3333
361 4179
1498 2662
3400 3545
2563 3476
3400 5383
3424 3545
3424 4921
1030 5273
1872 5048
3484 5383
634 1871
634 1967
3369 5273
1498 3713
634 4454
1498 3369
634 1030
1663 3700
181 2633
2065 4689
94 5623
1110 3943
2044 3943
1295 1663
1533 4826
780 3902
3540 3902
451 1158
1923 3288
94 155
1663 3500
451 4025
1000 1663
94 4826
451 1000
3288 3431
451 3712
262 3288
2633 2973
2633 2910
1295 2633
3769 4507
2044 2633
451 5201
3540 3943
4331 5521
1923 5177
4081 5623
94 3500
3431 4826
2633 4081
2761 4670
555 1295
2633 3474
1513 3777
2335 2691
1045 5031
806 4883
4224 5418
2890 4115
475 3777
2202 2334
1042 2747
139 238
430 4895
475 1513
3591 4672
2997 3342
2747 3662
139 2576
677 2747
1385 2890
2890 5307
102 2747
475 806
102 238
2334 2420
184 4855
184 2647
1573 4574
1573 4802
333 5375
1900 4802
1573 3692
1900 2950
333 2450
2107 2450
4784 5375
298 4112
295 4557
160 3637
160 3590
3681 4802
160 2559
1444 4574
3692 4802
3988 4112
160 4736
1502 4802
165 5375
1573 3988
184 3637
184 1209
491 3637
1190 3692
3590 5644
1444 2045
607 3590
3637 4784
501 4227
1444 3681
501 3988
3077 4545
2270 2517
3637 4557
607 723
1444 3988
2559 4736
2559 3637
3681 3692
607 2559
723 2559
607 5621
2107 5644
2270 2450
1209 2559
3590 3637
1209 5621
2559 5621
2647 4855
3590 4855
2517 2559
2450 4736
2731 4802
2950 4112
1209 3590
2559 3590
2450 3637
184 607
1399 3681
2270 4557
1064 3765
2772 4280
4549 5349
2431 3761
2431 4363
2431 5349
4549 5295
1064 1660
1064 3761
1064 2772
4549 4674
3745 4280
421 3164
1338 2431
1138 4244
441 2392
1723 4549
3164 4244
2975 4674
1064 5631
1978 2696
1551 4313
421 1723
1551 4549
2392 2874
512 942
1228 4724
512 2113
120 1283
382 1049
512 2018
3731 4724
2113 4724
1283 5175
4384 5046
1812 3230
1812 2421
2765 5175
1812 5175
1065 3230
120 1065
1065 5175
2113 4192
1049 1812
1049 3230
1065 1812
1980 4724
1507 2271
2265 5643
962 4460
950 4095
1820 3072
267 1930
2865 3325
14 3072
850 3072
950 4522
1704 3390
4126 4522
267 3155
2112 2561
267 5757
903 2561
2040 2806
903 1810
1810 2112
1930 2806
1810 2746
2112 4522
1828 2478
4543 4688
2371 5754
4688 4982
907 2496
125 907
3998 4199
1676 5754
1676 2320
4688 5232
2320 3013
709 3998
3172 4688
709 1732
3172 3441
3652 3871
1106 5665
4084 4383
3871 4121
1461 2241
4383 4461
4397 4461
3797 5703
355 3340
355 4500
1066 3578
1066 2084
1474 2354
1474 1868
103 5433
864 1474
1046 5657
2495 5657
2354 5433
864 4457
864 2354
902 5027
3515 4209
1121 4209
3425 5439
1121 5439
4273 5439
2940 4859
82 3345
679 4755
3582 3874
4859 5110
2339 4624
1135 3691
649 2369
810 1112
649 5344
1040 1112
649 2851
810 1727
17 649
1936 2406
649 1751
810 4864
2118 3741
693 2406
17 2929
1112 3693
2406 4530
3741 5344
2631 5344
1727 5344
1112 4530
1136 2406
649 2631
3171 4323
3741 4323
2851 5079
1040 1751
2929 4323
1727 2631
2805 4530
1455 2964
870 3821
1455 2598
2852 4028
2981 5640
480 870
480 3821
3440 3823
2299 2587
274 3083
1395 2299
4678 5756
274 2587
274 2299
36 3083
36 4678
7 1395
7 466
1327 3083
1327 2855
1395 2510
818 2299
1395 3083
818 1327
3249 4678
1327 2299
2299 3249
534 3192
2299 4385
2299 4390
2587 3083
2587 3249
2855 3192
2855 4356
466 2299
466 1721
2855 4390
3192 5068
3249 4356
526 1371
1683 4316
2409 4812
3581 4316
3453 4760
1160 3453
3782 5204
700 4090
1304 2918
1023 4515
1627 4090
129 206
2204 4090
2379 5340
2918 4102
5165 5509
979 1793
305 580
110 1438
1793 5028
1438 4800
660 2237
660 5165
660 2788
1793 5509
2119 5509
4492 5509
443 4339
3272 3599
37 3272
3272 5653
583 680
570 4817
570 4429
3224 5607
5583 5676
349 5583
4429 4647
570 4913
3205 4913
680 4913
2238 5324
1585 2115
207 1043
2721 3374
1146 2689
2249 3775
3106 3739
3106 5000
713 1895
2972 5276
1909 2972
2972 4738
4738 5000
1895 3535
1895 2689
2972 5000
3739 4738
3739 5276
1960 4641
1318 3404
620 4168
620 2166
76 620
865 1364
1624 4181
1486 1624
932 4638
598 3418
397 3418
2000 2298
1051 4880
598 4088
397 598
2323 3279
2914 3279
3279 3382
537 2636
1610 2128
1249 5188
1265 1596
800 2867
800 1272
2736 3592
4392 5664
2931 3585
476 3514
1193 4699
234 479
90 5310
876 2324
876 1211
846 876
725 1567
1211 1985
2324 5455
3169 3940
415 3508
3199 5523
2389 2562
2562 5271
2939 5768
1180 5679
2525 3158
3584 4787
1898 4516
1416 1898
2963 5553
1863 3730
3772 5221
5221 5612
472 4450
2159 3576
1347 2553
23 4979
187 3318
3735 4572
2001 3398
3806 4635
1864 4166
1739 1854
550 1739
1428 5075
1392 4967
2627 4967
593 5312
54 5209
1397 5460
995 4741
1600 3887
4537 4825
3184 3743
728 3660
3655 4734
16 369
1227 2953
2114 4734
3655 4771
338 369
57 4891
2856 4927
57 1670
1257 1516
3742 4718
1255 3217
2698 5642
2223 5559
4182 4734
2147 3217
3008 5558
1007 5452
3601 5489
3601 5065
3601 3819
481 3583
1571 3386
2719 4007
4517 4708
1482 4718
2898 4734
510 4804
510 4798
2437 3214
2876 4708
3729 4718
3646 4718
3141 4319
786 3927
3217 3729
4182 4771
3217 4612
2179 5487
1549 3716
148 2719
3792 4026
3217 5196
2719 4923
51 828
2840 3217
1227 3386
351 2856
3141 4144
51 3334
2223 2966
312 369
141 1063
1728 4319
2114 3115
51 5642
3141 3838
3177 4212
4247 4947
1386 4718
2114 3587
482 5487
16 3217
1613 3917
3217 5394
3217 5253
2953 3560
4537 4663
3217 5526
2437 2551
5558 5636
1940 3217
791 4875
918 4319
1571 3838
3042 3217
1571 4796
658 3217
3714 5487
212 2903
3184 4708
201 1906
542 2445
97 5642
1468 2297
1628 2022
2698 3646
663 3889
2072 3889
3000 3217
51 4796
1174 5456
2898 4372
892 5487
2953 3141
1255 4718
2072 3347
4537 4716
1670 2698
338 3217
1132 4533
2155 2225
310 4718
51 1865
3055 5456
2315 2719
4372 4734
2610 4319
1971 2490
5253 5746
1971 2437
2610 4796
1007 2953
1516 3917
2926 3334
4394 5487
1571 3849
976 2514
2114 2781
481 4319
2101 5212
2114 2305
481 3217
2898 4411
4394 4718
1319 2953
2781 4411
369 2607
834 3878
376 2796
369 481
557 1906
2781 4771
829 4798
369 930
1867 2953
996 3217
3587 3655
3217 3296
2010 4708
1865 3583
5140 5636
2781 4182
256 2381
4945 5642
681 4718
1510 2032
1247 4725
960 4411
369 2227
1865 3386
369 751
97 3336
886 4537
363 4537
369 1464
1406 2640
961 5684
1807 3944
606 1312
1865 4319
2023 2612
363 3217
369 2053
369 482
1435 3217
256 5408
5111 5140
97 3646
2610 3217
2290 4411
681 4319
1865 3141
2522 4319
369 4825
3113 3849
1464 4537
3511 3878
269 611
3460 4537
2815 3247
1019 5228
2794 5558
960 3115
312 3217
369 4945
3214 5140
2032 4945
2445 5684
3555 3583
3560 4319
1277 3359
3583 3729
97 1856
224 1865
960 3655
116 2267
1848 5408
369 3093
3115 3587
97 1670
369 3350
1410 4798
3214 4788
2297 5122
918 1571
1410 4804
4621 4708
269 1835
2796 3819
1019 3792
97 1319
2794 3743
1430 1865
369 5253
369 4152
4788 5111
369 4185
4718 5629
369 4663
978 3217
1577 4015
224 5487
767 4798
72 5555
3583 5642
1795 1904
3587 4182
4056 5769
3093 3177
3587 3743
767 4804
978 4537
761 2815
97 918
4026 4947
2032 4152
4537 5372
233 5212
4537 5072
960 2781
960 2833
751 4319
4796 5149
3097 3917
1784 2856
369 5488
1577 4007
828 4718
2305 4734
3213 5287
960 2290
2179 3141
3298 4945
2305 2833
4749 5265
933 4708
4737 5122
72 351
1821 4319
1835 5558
1303 4718
1330 5769
334 1132
1613 1753
4718 5125
190 369
3350 4718
1767 3097
918 1867
4537 4952
3386 3583
4152 5487
51 57
2455 3217
1839 4537
1802 5619
1807 3430
1848 3097
4718 5452
444 1571
3350 4319
546 5004
3159 4977
3134 3256
581 1150
581 1143
3222 4556
2191 5687
2036 3034
41 5537
3034 4845
1092 3850
3108 3165
493 4750
169 325
509 2989
3237 3820
4845 5255
835 2675
2977 5447
3237 3354
2036 5021
893 2526
741 1928
2152 4831
546 1720
3043 3108
3233 5471
835 2380
2932 4922
1928 4750
195 727
1907 3240
768 1561
4750 4961
835 4155
4742 4922
893 2503
1266 2191
741 1372
566 5537
2912 4845
835 3969
2954 4371
1907 2280
2954 4977
2036 4148
835 3820
1958 3134
1176 1370
2830 5471
2954 4404
3283 4695
493 5409
4830 4959
2989 5241
2152 3850
546 3790
169 1561
2141 4306
4922 5758
1073 2954
2136 4671
1150 3948
3108 4584
835 2280
169 3134
2036 4506
3354 4148
893 2308
835 3354
1266 1514
835 2106
3232 4922
546 3528
3197 4922
2912 5596
1348 3636
1150 3812
546 3354
2291 4922
2912 4877
1176 1492
2057 2448
893 2280
835 1381
5771 5775
727 5687
546 2934
741 964
169 1266
893 2152
2954 4991
2954 5004
4769 5537
741 965
2039 4959
3108 5447
835 2954
2954 4598
195 360
2954 3948
760 931
4769 4922
835 2934
5 325
893 1958
2136 4961
581 1381
3237 4584
1150 3364
503 1570
3043 3948
3034 4951
5 387
3062 4961
2850 4922
493 4854
2071 5656
625 3812
546 2400
2934 3034
760 1092
741 2280
2977 4850
3354 3948
4845 5771
503 1514
1215 4922
760 1709
1266 3240
3043 3802
3034 4850
1092 3240
2977 4961
2071 2152
169 414
893 1928
760 964
1073 2977
3173 3354
1143 1348
169 493
893 2757
2954 4750
2934 3134
1183 1266
1266 2293
2008 5537
3040 5537
835 4300
546 4306
204 4973
204 4867
1266 2308
493 4254
1266 3636
546 5687
3108 4013
3034 4959
169 5597
2152 3256
3237 4616
835 4616
2008 5471
3237 4622
835 4642
835 1150
4850 5021
4850 5208
3162 3930
741 2537
546 4496
169 626
2184 4961
3237 4664
1266 3894
1266 2526
2036 5674
2008 4306
1150 4961
1150 4959
3062 4306
169 741
3134 4616
3043 3256
3134 4404
2954 3812
2191 2400
4845 5021
581 1017
4845 5006
835 5006
3159 4431
2039 4922
109 4706
3134 4496
3043 4404
1176 4506
1176 5397
3043 3283
2191 2778
845 3930
581 721
2152 5409
741 2757
41 1411
2280 4973
2036 5596
524 5687
2191 2954
2280 4556
835 5255
2191 3034
2075 5537
503 1984
3034 3820
1984 4959
1266 4219
2191 3167
2862 5447
3062 4013
2862 4706
503 2036
3043 3361
2954 4616
2977 4616
5687 5771
2036 2934
1176 4300
2866 4556
760 5255
1266 4254
1984 4371
5674 5775
204 1907
2036 5397
2191 3283
3062 3850
835 4854
2106 2308
41 473
3034 4103
760 4959
5537 5674
1143 4306
2977 4496
5537 5747
2036 2355
2106 2934
3054 4922
4854 4977
4854 4961
524 5397
3043 4676
41 325
783 1150
581 2191
524 5004
2106 2152
1150 4845
851 1176
2954 3256
503 2503
204 1073
5537 5656
3237 4977
2869 3237
3043 4769
3043 4622
3034 4041
1089 4622
851 4666
1928 2778
1266 4854
1143 4845
503 3636
581 2954
5061 5775
503 3812
503 4845
2280 2448
2934 4959
2934 5775
1928 3354
174 4922
195 4375
851 5006
503 5006
2191 4142
893 5674
5061 5471
503 3641
524 1561
2191 3962
4901 5537
581 4622
893 5511
1176 3167
2106 3948
2106 3256
893 5447
741 3240
581 4496
524 1878
4959 5771
851 2784
1928 3237
524 4371
524 1492
3167 4431
1266 5421
741 3354
760 4622
1073 5471
2152 4695
2869 4480
581 4616
195 3850
741 4666
3324 3850
1928 3165
760 3528
851 2577
503 5255
3256 4306
3167 4480
503 3108
1958 5716
5505 5537
5021 5330
3165 4556
893 3802
2106 4148
851 1492
3237 5596
1089 4306
1089 3237
851 5061
1348 1878
851 4977
2954 5771
2882 4671
5006 5471
760 2912
581 3283
581 2400
741 4750
2191 3812
851 1570
1958 5687
1176 2934
162 493
2106 4959
760 4155
2901 3043
1176 2977
503 3233
5330 5537
4911 4959
1089 2778
5004 5596
3256 4706
1958 4556
2954 5658
1176 2911
2191 4845
581 3361
524 581
931 1630
851 5152
1266 4951
2954 5766
741 4584
1266 5152
1176 2819
1907 5297
4911 5409
3256 5596
1907 5412
760 2757
5447 5471
1907 5061
851 5397
2106 3134
931 1907
2280 3034
3167 4845
760 4148
760 4750
3167 4977
581 3790
503 4155
1266 4830
2977 4265
856 1348
4911 5537
2869 4695
856 1176
741 3361
4991 5687
2954 3222
856 1031
851 1720
3256 5687
1907 5042
741 4642
581 2778
1348 2464
760 4562
893 4584
503 4254
1907 4853
581 5397
741 4877
1334 1561
4977 5687
3268 4922
195 2934
1907 4911
3165 4706
931 3034
194 1570
2954 3108
1958 4306
5152 5687
581 5447
851 3969
3240 4845
893 3300
851 3948
741 3820
893 4693
1907 4750
162 1907
2977 4155
4977 5255
893 4598
503 721
1907 4830
2106 4431
509 5537
760 2152
4961 5771
1073 4013
1089 2036
3165 4961
509 1561
1150 1928
1176 3636
893 4616
4867 5537
4973 5255
1348 2577
2106 5775
1958 2869
931 3850
581 5687
2934 4480
1907 4676
5471 5656
2977 3641
1907 4532
1089 1720
856 3034
856 2954
1073 3976
1348 2400
3240 4850
2954 5471
1348 2819
5 4671
503 4496
4961 5739
162 4850
741 5447
3165 5471
893 4877
851 2400
5 3930
5208 5537
509 4556
5208 5596
893 4999
741 5606
3300 5716
1334 2141
195 2036
856 3930
741 5597
195 2106
3300 5658
195 3812
524 2778
760 4676
4961 4977
1907 3820
2191 5255
3283 5004
931 4854
3283 4961
2912 4480
2123 5596
2954 5152
5 3354
741 5716
1907 4142
4961 5152
2977 3636
851 4854
195 1031
2136 3948
1150 2400
1907 3358
760 1928
893 2934
195 4671
1928 5596
760 3758
5511 5716
194 4556
2191 4506
2934 5021
503 4506
1907 3812
1073 4155
524 2675
856 3636
194 4922
741 4103
1150 2526
582 4867
2934 3283
4922 5719
2106 4622
3240 4961
3283 4148
3167 3948
2106 3167
1928 2819
2106 4616
5152 5596
2912 4706
195 4845
4155 4246
4556 4598
2448 3528
2400 5152
4506 4973
721 1907
3850 4750
360 3930
3948 4616
4148 5255
325 5255
3948 5006
325 509
3948 5255
2778 5021
2779 4496
325 5574
3850 4155
4371 4671
2503 4306
2400 5511
701 4706
325 5775
626 5021
4556 5656
4506 4622
3820 4845
643 4671
325 2977
2503 3134
2448 4977
3840 4671
2778 4300
626 3812
2503 3528
4506 5687
3820 4706
2819 4148
3930 4676
424 1570
387 1334
2448 3354
3930 4071
4404 4845
325 4973
2355 3034
3948 4431
4532 4922
387 1370
4431 4850
2448 3358
288 1348
325 1370
2503 2779
424 2819
2448 4854
701 5471
4013 5061
2355 3850
3930 3969
325 2911
4556 5719
4292 4922
4431 5771
325 4806
2677 4306
701 3108
2448 3237
424 2768
2779 4556
3595 4922
2778 4622
2400 2934
4013 5687
3790 4013
271 3930
1492 5771
4375 4706
2819 3043
643 3930
2757 3134
672 3930
2757 3043
4404 4480
626 5152
4155 5255
325 4371
325 2757
626 4155
626 4148
4233 4671
424 2977
3930 5363
325 1183
4306 5208
3570 4922
4155 4616
325 4506
3930 5421
424 2866
4556 5674
325 2901
4480 5771
3641 3961
4480 5658
3930 4951
4219 5471
721 4506
3820 3850
4496 5447
325 2677
3641 4404
3850 4664
2400 3043
4013 4496
3930 5574
4556 5511
626 4854
3894 5537
4300 4973
626 4850
325 3948
4300 4850
3790 5471
4219 4556
4556 5606
4013 4756
626 5397
2778 2912
424 5471
3930 4853
3976 4567
2819 3528
4556 4991
2464 4845
2779 3840
4506 5397
3850 5674
2448 2503
288 1492
3969 5687
4506 5330
4306 5409
4300 5771
2778 4977
4480 5409
3984 4959
2448 4666
3840 4480
2778 4973
4371 4480
4300 5687
2778 2934
2810 5596
4496 5716
2400 5775
4254 5471
701 760
3850 4901
631 4480
4306 4496
325 835
2778 3790
2779 5447
651 2819
626 4404
271 2954
4246 4935
626 4951
3636 4306
626 4371
3969 5775
2810 5471
4496 5255
4506 4666
2400 4845
4249 4922
631 4868
4254 4556
3850 5061
2819 4049
701 1878
3930 4693
325 3165
701 1720
325 3173
2810 3134
626 4973
4496 4959
478 1031
4480 5255
701 4556
2464 3930
4261 4922
473 1958
325 2259
3820 4959
701 1176
360 5596
2400 4300
701 4506
4261 4480
721 4103
2464 3850
2400 2819
414 4991
1492 2036
727 1907
1021 2934
1514 3790
493 3165
4103 4845
1021 2954
1021 2784
651 893
1021 4506
2530 4556
651 2934
414 4431
414 4710
414 4806
727 4480
1021 2526
4706 5297
626 931
414 4404
2539 3930
3812 4671
3812 4706
2784 4706
3812 4867
4404 5596
414 4371
2400 2778
3816 4756
2400 2784
1381 3354
1017 5775
3812 4622
2380 5537
721 760
414 4254
1017 4306
4416 5537
3812 3850
4416 4706
3802 4556
1017 3528
1348 5152
4431 4622
1370 1720
727 1031
1370 3108
4103 5021
1017 3159
1370 4922
1370 4706
1370 5471
1543 1907
1370 5537
422 1381
3354 4480
1017 1561
1372 3850
1720 2503
493 3969
1720 3108
3354 4666
1372 4556
1372 4961
2539 5537
4616 5061
1561 1742
1017 3167
2308 2526
493 2779
1548 1561
1381 1775
493 2784
1548 4922
626 2577
414 3641
414 3237
414 3636
4598 5775
1381 2448
1381 1720
727 5255
1031 5747
1381 2954
493 2677
4706 5006
1720 1928
1031 4806
3357 3930
964 4556
2308 2954
1031 4371
422 4901
727 1720
1775 2934
721 4959
1570 5255
626 1984
4695 4961
1031 3984
4584 4845
727 760
2819 4973
253 2106
1878 3108
1775 3240
1720 5006
1720 2977
965 4148
1570 5775
3354 4750
493 2675
1021 1143
727 4850
1029 3930
1031 3167
4567 5537
422 5656
4049 4977
387 4991
2675 3850
4049 5716
414 2934
626 2191
4103 4622
1878 3165
493 701
948 3930
4642 4706
493 1143
964 1561
1720 2778
965 1381
4666 4831
1570 4616
1592 4922
1570 1878
1561 5004
1561 4431
1561 2071
1543 3948
1021 1089
1021 3108
1021 4300
1492 4622
1492 2819
1031 1092
1381 4013
387 2184
4148 4854
721 5255
422 5687
2526 3043
387 4750
1709 3790
3528 3948
253 4922
3495 4756
422 4371
4598 5447
414 2355
422 3165
727 1266
2537 3930
651 1266
4622 4961
1878 5687
1878 3237
1878 2912
493 651
1779 3930
1775 4622
493 964
957 1176
957 1878
1720 5397
1720 4977
1720 4664
1720 3802
1720 3165
964 5537
1709 4622
1709 4695
4666 4671
493 1958
965 4706
965 5021
1602 3354
1570 4300
1570 2448
493 2352
4671 4877
1561 4854
1561 4584
1561 4041
1561 2911
3354 4695
1543 4845
4676 5596
1017 5409
1021 1928
727 4616
1021 3256
4496 4506
1021 5255
1492 4642
4695 5471
1492 3108
1381 4695
4706 4831
215 4756
1031 2503
2677 3528
2503 4622
387 2757
4049 4148
387 2911
387 3240
4148 4695
387 3641
387 3790
387 3812
387 4142
422 5397
387 4830
2526 3802
4049 5255
3528 4013
387 5421
4598 4695
387 5671
414 422
651 4961
4142 5596
2819 4959
2675 3283
4049 5771
4598 5596
2819 4977
2464 3034
2577 4556
2526 5511
422 741
4616 5687
422 581
2819 5255
422 503
651 1878
4103 4556
4622 5021
936 4922
1878 3283
493 546
1878 3034
626 1958
1878 2819
1878 2778
948 1021
1775 4666
727 2106
493 957
1775 2912
1775 2184
957 1150
1775 2036
4642 4845
957 3108
957 4556
626 1602
957 5471
1630 4671
1720 4854
1720 4496
1720 4404
422 1720
1720 3636
4664 5596
1709 5471
1709 4845
965 1031
965 1492
1709 4706
1709 3850
1709 4306
965 4306
1630 4922
1709 1878
1709 1775
2677 3790
965 4961
1602 4959
1602 4671
1570 4622
1561 4371
1570 3034
1570 2869
1570 1775
493 2280
1561 5656
1561 5208
4671 4973
1561 4935
1561 4750
1561 4642
4041 4431
1561 4155
1561 3300
1561 3256
4671 5511
1561 2008
1878 4155
1548 4013
1017 3948
1534 4959
1017 4480
1017 4695
493 3062
1021 1348
1514 5447
1021 2308
4693 5537
727 4695
1021 3948
1514 2106
4695 4977
493 3256
1492 5021
1021 5409
1492 4584
1492 4306
1492 3354
1492 3167
1492 1878
2293 3930
1381 4622
1031 1089
1381 4371
1381 4306
493 3641
1031 2106
4664 4977
721 4977
626 3324
424 1266
3528 4973
2503 4671
4049 4103
721 5021
387 2810
4049 4300
3930 4584
387 3062
2352 5537
387 3361
4049 4622
1031 5152
1031 5134
1031 5061
3762 4493
3459 3893
1797 4341
790 4610
2 2413
1981 4531
671 5098
790 3459
3050 4505
3762 5098
4440 5150
1914 4217
790 4684
757 1646
2762 5667
2948 4315
304 3898
1914 4267
603 2762
599 2413
3200 3459
2413 5364
4944 5098
1153 1797
2413 4848
1153 1188
2628 4768
803 3898
803 2028
1188 2387
1188 2178
4341 5380
4341 4440
757 4341
671 2948
2845 2988
1153 3253
1153 2178
3103 5098
348 5054
458 757
457 4440
71 4351
4241 4568
3893 4684
378 757
603 5667
135 2413
757 4150
2401 5685
3937 4440
1797 2178
3967 4440
179 1797
425 2948
3567 5150
803 2988
1188 4505
135 790
2387 2988
671 4848
1797 5628
3333 5277
3293 4752
619 2190
619 1967
3293 4809
619 1871
4752 4809
119 4752
123 2694
3293 5135
4094 4453
3293 5259
119 5288
1649 2875
4094 4318
2662 3303
3333 5273
634 2606
1871 4318
3333 5691
4807 5581
119 3510
462 1084
1871 4752
1871 2947
1871 2209
3293 4575
119 4527
3303 3424
619 1182
123 5001
123 3522
3303 3333
426 4272
119 3303
1871 2281
462 2209
3293 3841
1649 4454
1871 3713
4527 5288
119 5383
3293 5691
4643 5273
1871 4453
462 1871
119 3713
4490 5288
1871 2590
4490 4809
1991 2684
3293 3809
3293 4453
3293 3713
4843 5392
3293 4807
5048 5762
5052 5182
4921 5494
3303 4094
119 3132
2684 3413
3303 4643
3903 5052
3303 4454
2383 4298
1857 5691
2694 3522
5133 5273
5133 5259
4527 5690
1871 5056
5133 5288
1871 5528
119 2843
5133 5277
1857 5288
619 3293
2662 2947
4490 4752
592 5315
119 2606
619 3424
119 2718
5135 5273
3293 5315
3238 5691
1872 1967
1030 1302
3238 5288
1857 4453
4490 4575
4527 5259
119 2281
3238 5133
1872 2718
3238 5259
3293 3369
1857 5133
1857 5259
1857 5273
619 4454
462 3293
119 1773
5273 5690
1526 4490
5273 5315
119 1872
5259 5691
119 1948
1526 5259
3238 4643
462 4454
5315 5762
3369 4490
4453 5133
1526 4454
119 1030
1030 1857
4453 5273
4527 5133
619 4752
3238 4094
1526 3841
1773 2209
3303 5133
3238 3293
1857 3333
4454 4643
1872 5273
1030 1463
3925 4436
1857 3841
426 3234
2684 3132
3238 3333
4454 4752
119 1520
1871 5762
132 5048
1526 4453
1526 3293
2684 2694
2694 4179
119 1526
3238 3484
2209 2590
592 4179
1857 3545
119 592
119 619
119 770
1030 1967
1773 4807
2190 5135
1030 4809
462 5133
1520 4318
1773 1948
2662 4752
1520 2947
2662 4809
1030 4643
1002 2694
4318 4490
3333 3841
4318 5288
1030 2606
138 3293
3234 4743
1520 4490
4453 5690
1526 5288
1773 5182
1030 4094
4446 4924
592 2281
138 2881
1030 4454
1520 3303
634 2843
592 3424
2662 4527
1520 1857
4298 4696
1030 5288
1520 4643
1773 2284
634 2284
138 4490
1857 4094
1857 2947
2190 4809
1520 2190
634 797
1773 2051
4453 4527
462 5494
1030 5133
462 5048
592 1871
138 792
1520 2843
4318 4453
2190 5315
1773 2843
1056 5203
1773 4094
1773 3489
1773 5494
4453 4490
2383 4696
1030 2947
1498 5135
1773 3400
1773 3293
592 770
1084 1302
4214 5315
2190 4752
1084 1156
462 1238
1773 5762
2662 4453
4318 5273
2190 5277
1520 5133
634 1084
1498 5690
4446 5406
1857 3238
138 2190
1773 3677
3333 4318
4318 5133
3333 5133
1773 5288
2662 3369
2662 3510
1498 5315
3234 3385
4094 4490
4094 4527
3333 4643
4094 5273
1773 3602
2662 5135
1520 3484
4318 5259
3333 3809
4094 5383
4179 4575
1498 5133
2694 5001
3333 3510
1773 3903
1030 3602
1773 3809
1526 4094
1084 3369
634 4318
1916 5581
2190 4527
1498 3602
2284 4527
2284 3400
1084 1991
2190 3369
1948 3809
1463 5133
1948 3677
2723 4743
1463 2843
1463 5288
1470 3602
1498 2843
2284 3545
1948 1967
323 634
1948 2606
1123 3234
2284 4490
2284 5259
2284 5273
634 5315
1948 3841
1084 4527
1470 2684
2284 5277
2284 5288
1084 4454
1498 3333
361 1773
634 5133
1498 2284
1084 3333
1463 4094
981 2684
1498 2606
726 5043
1463 3293
1084 5273
323 5135
3614 4807
323 5273
1084 3303
1463 4454
1084 3238
634 5135
2718 5273
2284 4752
2190 3713
1084 2843
2284 4643
2284 5691
1470 4179
1463 3238
1123 3484
2606 5133
1084 3545
1156 2190
2718 5048
1463 3602
1156 1526
1948 3293
2190 2947
361 2590
3602 5273
1156 2662
1187 3489
1156 3809
2284 3333
1156 4094
1948 5133
1463 1520
3522 5001
1463 1526
1463 1773
323 3293
1948 5288
323 1974
3132 4454
1156 4527
323 2662
1302 4454
1967 2843
1967 2718
2590 5762
1156 5690
1156 5288
1967 2606
323 2190
2281 5762
2276 4308
770 1871
1182 1498
323 1498
3510 4809
1967 3303
2843 4490
1967 3510
3510 4490
1182 3713
1967 3713
3545 3677
792 5288
1187 4752
797 3510
2947 5048
2947 4318
792 1030
797 3293
3510 4454
2590 5182
3510 4318
3510 5690
2590 5048
2590 5052
3489 3903
1309 5395
1182 5048
792 1463
1182 4490
323 1187
1309 3423
2284 3132
1187 1520
2590 4454
792 1520
1182 5273
1187 1526
1967 4527
2843 2947
1967 4643
2843 5273
3484 5494
770 4179
3841 5259
2281 4179
1187 1991
797 5273
770 4214
2661 4743
1187 4453
1967 5288
797 1498
2281 4214
797 2190
792 1526
797 1967
1187 2590
792 1948
3484 5259
3484 4809
3489 5052
3545 3809
1187 5383
3484 4453
3484 4527
2875 4454
1187 3369
2606 3333
1991 3424
1238 1773
2843 4094
3400 4094
3545 5383
3809 4454
1991 5048
792 5383
797 1030
2843 5133
1187 3510
3381 4899
1498 4318
3424 5383
3545 5133
2606 4643
3809 4453
2475 4899
792 3333
792 3238
1187 2209
792 5691
1302 3293
2843 5259
792 1302
1974 5135
1187 3545
3369 4752
2190 4575
2563 3380
634 3677
3424 3713
2590 3424
3484 3510
3545 4527
3614 4454
2606 4454
2606 5273
2661 3385
2661 4272
3809 5691
2662 2843
3841 5690
792 4527
792 3809
1238 4179
1238 5052
1187 5259
2051 2590
251 3400
792 2606
249 3234
792 1773
2947 3293
1187 5135
1187 5052
1187 4809
1187 3903
2947 5288
1084 1463
2475 5569
3369 4809
987 1831
3381 5569
3385 4272
2563 3423
1084 1773
634 3602
3400 4752
2590 3400
634 3333
2590 3602
1084 1498
3484 4318
3545 4453
2606 3677
2606 3809
2606 3841
3677 3809
3677 5273
3677 5383
3713 4454
3713 4752
3809 4527
3809 5273
3809 5288
3841 4454
3841 4643
1967 5383
1974 2694
1974 3132
797 4490
2843 3510
1187 2947
1187 3303
2284 2606
770 5762
181 5177
1663 4689
150 2633
2065 5177
3288 5181
328 451
4054 4507
4025 5623
2386 4670
1663 5266
3288 4805
1533 2065
3943 5390
2186 2633
1663 3126
1663 4650
1533 5521
3943 5521
2065 3312
2633 3431
667 5177
451 484
2186 3943
3943 4200
150 3288
3769 4054
1663 3712
1533 5177
2065 5486
1663 3728
2044 5177
2065 3902
3431 3500
1923 5521
784 2633
1923 3487
2065 4331
94 5521
555 5486
451 3728
1335 3540
262 5177
1639 3943
2633 4980
111 1142
155 3288
555 3943
3540 4826
451 5112
451 967
555 3540
4331 5177
3288 5486
1158 1663
667 3312
1533 3500
2633 4025
1000 3288
1335 3943
94 1533
1511 4081
1110 3288
451 2831
1663 2211
2633 3701
181 3902
1261 2211
2946 4172
2466 4895
474 3435
966 1042
1419 3591
956 5319
1491 2747
2890 3471
840 3861
1483 1651
46 1042
915 2997
3791 4224
1491 2576
2997 4424
2827 5032
966 2887
430 2466
1483 4017
1045 5318
1641 2576
238 3662
1651 2693
966 3299
238 1641
1687 2984
2890 4224
2887 5318
238 677
474 677
2946 4672
2792 2984
1419 2946
2984 3625
3471 5216
4165 5318
3299 5031
2827 3142
2747 5362
4115 5216
139 4424
475 2335
2524 3791
2792 4842
3116 3342
1385 3451
2997 3861
3248 3791
2792 4172
578 2230
280 1687
2691 5418
2693 4115
3299 3861
2524 5418
3248 5418
806 5473
388 5283
2335 2693
2691 2693
1419 1955
102 5031
2727 2747
2984 4172
607 2647
723 2450
491 2450
4855 5375
607 4855
607 4736
3590 5375
607 3637
3692 4112
607 2517
4736 5644
4736 5375
607 1209
501 4802
333 4557
464 1444
3988 4802
263 2107
2559 5644
3131 3280
263 3580
1573 4227
1234 3280
333 4784
1399 3692
1502 1573
2450 5644
2517 3637
1209 2517
2517 4855
184 3590
160 607
1444 1466
2517 2647
2450 4855
2559 4855
184 4736
1209 3637
184 5644
184 2450
1900 4574
2450 2559
165 4784
1444 3692
2450 3590
1444 2731
491 5375
1399 4112
1399 3988
4112 4227
1379 1444
491 4557
2270 5644
1399 1466
2405 5644
160 1209
1444 4802
2460 4549
1723 2094
3102 5263
2696 3164
1338 3921
2696 3765
1064 5263
2696 3921
2696 4280
3770 4279
2094 3164
2696 5552
2392 4279
1837 3164
1477 4313
3770 4363
1723 5552
3770 4940
1338 3164
2094 5552
1477 2392
3986 4549
1477 3770
1138 4034
4034 4549
4280 5552
1138 2696
1998 3164
4313 5552
2431 2460
1551 3164
1064 1723
421 3921
1064 1138
2975 5742
1723 4244
1064 5530
4280 4674
3164 5349
2975 4034
1551 4940
809 5263
3761 4313
3164 3765
3164 4158
3761 3770
3164 5552
421 1138
2874 4549
421 1978
1978 4940
1978 3986
809 1978
1998 2431
512 5019
5550 5590
512 5590
337 5550
2113 5234
4603 4724
5046 5576
4192 5286
3731 4192
4192 4887
3731 4384
3015 4192
3033 4724
1812 5550
3033 4763
66 337
337 1228
1283 3230
4887 5576
3033 4192
2765 3033
1283 5576
1049 5234
337 1980
337 942
2421 3230
382 5576
1823 4192
942 4192
1065 1980
120 512
2765 5234
3731 5046
377 5550
1065 5576
2113 4384
2113 3230
2421 3731
2113 5576
2087 4192
1049 2113
70 1812
252 5590
2765 5286
1049 5576
1065 3731
1812 3731
1980 5046
382 4384
3483 5643
2271 5080
2244 5643
962 3686
1179 4460
4391 5643
2112 4126
850 1810
903 4522
903 5757
903 950
2112 2275
950 2040
14 3325
2478 2865
1929 5757
3072 4095
2902 3155
2040 4126
2561 2746
1929 3155
2040 3155
2275 2561
1828 2040
2746 5757
2746 4126
2561 5345
1929 3325
2561 4095
1704 5757
1930 2561
2806 2902
1704 4522
416 2806
801 4126
1704 2275
3390 5334
5334 5757
903 2275
907 3260
907 3172
4982 5754
125 1676
4494 4688
907 4982
125 2496
3391 3548
2496 3441
125 3013
2496 3013
1732 5532
125 2320
3437 4688
3441 4494
2320 4688
3172 4543
2320 3441
3441 5232
2407 3441
2407 4199
3441 4982
709 3574
709 4199
1032 3013
709 5532
709 5754
1732 3574
3013 4199
2571 3548
2320 2371
1032 5219
2320 3998
1032 3998
1676 2407
1676 3998
1796 5633
3520 3871
1680 4084
1730 4508
1730 3549
3871 4618
4121 4508
1461 5374
4508 4645
3104 3652
3104 4121
3206 4397
3104 4413
1461 3520
4397 5633
1409 4397
1796 5018
5374 5633
4461 5633
3520 5633
1461 4121
365 3104
1461 4461
355 1080
355 1050
2034 2519
347 5386
347 5360
355 2533
347 5154
504 3797
347 4500
3262 5360
3340 5386
2403 3340
347 3262
1080 4500
1080 5154
347 2403
1194 3340
3340 5154
347 1080
347 1050
347 3340
1050 4500
1080 5305
1080 5360
5154 5360
347 5305
1080 2403
2278 3797
3340 5305
355 5386
355 5360
355 5305
355 5154
355 2403
5305 5360
1080 3340
3368 5703
2403 3262
347 355
355 3262
2129 4312
1080 3262
5154 5386
1080 5386
1050 5360
2533 4500
1050 5386
5305 5386
4500 5154
5360 5386
4500 5305
4500 5386
1050 3340
1050 1080
3797 4216
5154 5305
1050 5154
4500 5117
2533 3340
1050 2403
3340 5117
1050 3262
2519 5564
2533 4432
2403 5154
1194 4432
2403 4500
2403 5305
2403 5360
2403 5386
3262 3340
3262 4500
1522 5360
3262 5305
3262 5154
3368 4216
3262 5386
4312 5543
1050 5305
1194 4500
4050 5117
2228 2482
2750 3403
2084 4457
1729 2671
3094 5433
5218 5657
1066 2080
2268 2750
864 5433
3895 5433
2354 4457
2084 2268
3578 5433
1474 2228
1066 2228
902 1093
1559 3100
1658 2049
2231 4732
3608 5439
5078 5158
2461 4209
1243 4209
4209 4273
3037 3608
515 3515
3037 3722
2370 2940
3582 3835
679 2480
2370 3582
1082 5110
2339 5731
82 2785
3538 3691
205 3582
2940 3874
82 536
1082 3582
1108 2785
205 679
5110 5449
5110 5731
3691 5269
2785 5731
3691 3835
2339 3835
2339 3691
5026 5110
2339 5057
536 3345
4624 5057
2339 2785
3835 5057
3835 4624
121 3691
693 2369
1040 3171
408 5079
408 1040
408 693
17 5344
1136 5079
1136 3171
693 1727
3171 3693
1936 2851
2929 5344
1112 1136
693 1040
693 1112
3693 4864
1112 2328
1112 1936
1540 5344
649 5079
1540 4864
810 4323
1936 3171
1540 4602
1540 1727
693 4864
649 693
1040 2631
693 3171
693 2631
1374 1667
3748 5640
2981 3807
1455 1465
695 3562
668 2964
1667 3562
1465 2852
1455 4174
2981 4174
480 4576
480 2964
78 2964
2512 3748
3562 3786
2325 3440
2992 3440
466 4002
274 4002
466 3249
274 4678
274 5604
274 3192
466 818
36 1395
2299 2663
7 2663
1327 2587
2299 3192
818 3249
818 3083
274 2663
2587 4390
818 2587
274 818
274 466
1327 1721
274 1327
2299 4678
2663 2855
3249 4002
2587 4002
4002 4678
2587 4356
2587 4678
2299 4356
3083 3249
3083 3192
4356 5604
3083 4356
3083 4385
3083 4678
2855 5604
2663 4866
1395 4385
3083 4390
4812 5243
526 5723
1160 3581
2884 4316
526 5514
2074 3581
3715 5012
1979 3980
3781 5012
359 4380
1979 4452
4380 5278
226 4515
1023 4767
248 4515
248 4102
571 2348
1304 4767
206 5340
813 4196
700 4196
813 2204
985 4102
985 2918
226 4767
700 2204
700 1627
985 1304
1023 2801
129 1099
248 1304
2204 4196
2801 4102
1627 2204
2801 2918
1099 2476
1099 2379
4102 4767
4373 5736
2029 5736
5547 5733
42 5475
2029 5733
1737 2029
42 2029
42 1954
1954 2029
2996 4373
1737 5733
2029 5547
3186 3882
2029 5475
2996 3882
42 420
2996 5547
2996 3186
5547 5736
5733 5736
927 4248
2996 5736
1737 4373
1737 3186
1737 2996
3186 4373
420 1954
3186 5547
4373 5733
1737 3882
3882 5733
3186 5733
2029 4248
2029 3186
2029 2996
1954 5475
1737 5736
420 5475
3882 5736
3882 4373
2029 4373
1737 5547
4373 5547
3882 5547
3186 5736
2996 5733
1133 5509
696 4943
1133 5165
1987 2788
1133 4492
2119 4492
2119 4956
305 4956
580 2788
580 2300
4492 5165
4492 5028
3047 5509
3047 4800
2300 3047
2237 4956
660 5509
2447 2667
641 5548
2312 4803
443 3599
1921 5653
2312 4339
2109 5653
3497 5653
3272 3497
443 1677
583 2060
583 4647
4063 5607
2060 4429
583 5583
2749 4647
4429 5676
4647 4913
4817 5324
4817 5583
2749 5324
3224 5676
3205 4063
3755 4063
106 5411
505 5411
1892 5411
106 1892
1909 3106
5000 5573
2972 5073
972 3775
3775 5036
3106 5276
3739 5573
1155 3106
1155 2972
1909 3739
5000 5276
4738 5276
2972 5573
2689 3106
1909 5000
1909 4738
1318 1960
1836 4641
134 652
134 4761
1318 4030
3216 3909
4030 4641
134 302
3876 5729
1346 4039
530 3899
1861 2367
1861 3899
543 5085
225 1500
908 1364
932 1434
932 4518
397 3960
3418 4088
3720 4107
3960 4880
4088 5430
4107 4880
3720 3960
1051 3594
2000 3594
4107 5430
4364 5485
755 1011
844 2253
664 4262
664 2253
5568 5681
4262 5088
108 2636
2536 5188
537 3376
1109 2536
1881 3281
1249 1874
1249 2957
1874 5188
1874 3264
1610 3281
1881 2636
2506 2755
1090 1695
2359 4715
980 2504
3229 5143
1047 1841
710 5664
1 4871
1 4541
4403 4871
4146 5316
752 5351
4471 5316
752 4541
2346 2956
596 2956
594 3997
1819 1959
1959 4573
1855 5310
5200 5310
1692 5455
904 1115
846 1211
1567 1985
1567 5455
725 2411
3169 4201
1059 1157
1157 1377
1059 1891
1195 5173
142 5173
3199 5271
3415 5469
3867 5469
1618 5523
1618 2389
1317 3524
720 1317
469 720
469 3524
469 1317
720 3524
1034 1180
2939 4626
2582 5373
502 2582
4188 5732
1662 4229
1598 4186
340 4229
340 4186
340 1598
1684 4606
4425 5124
3584 3629
2134 4829
2134 4335
3629 5199
3853 4287
2102 2900
2900 5105
144 5553
3290 3301
1285 4851
949 2393
772 949
32 913
1184 3576
390 4979
390 3353
3995 5728
2424 2553
624 3499
4448 5210
2269 4448
1736 2896
99 3575
3188 4635
3694 4132
3044 5699
68 5402
519 3643
2059 3370
1181 2193
843 2059
1484 4012
2198 2686
5531 5708
593 4211
3753 3942
579 3098
5166 5209
4933 5209
4933 5166
4925 5180
4914 4925
445 5180
445 4925
445 4914
4914 5180
54 5166
54 4933
2360 4608
1926 5460
1214 4020
3551 5693
3468 3506
2541 5285
1087 5285
4790 5641
2245 4367
2993 3974
644 2063
1319 3336
3889 5408
1867 3849
3849 5149
3838 4796
3849 5452
894 2796
1910 5100
2154 4537
3889 4994
1010 5746
2953 4144
1867 3560
51 482
192 4537
19 3859
918 2953
3217 3316
1867 2698
1165 4411
3587 4927
1865 5125
1055 1476
1865 4891
1574 4734
4 2445
3215 5487
2781 3115
3838 5487
2114 2898
791 1888
256 2297
1865 3729
3217 3472
2781 4372
963 1165
1867 3336
1574 3587
963 2437
1571 2179
2781 2833
344 3217
3927 4517
3819 4611
1571 1728
19 832
51 3822
3217 3469
51 3729
256 1289
687 2020
3587 4822
832 5282
19 431
892 3217
963 4162
2157 2445
1019 1264
3184 3214
1571 2397
4247 5261
960 4398
960 4372
1867 4319
1353 1614
1319 3822
3964 5489
1865 4144
1865 2221
19 148
3889 4463
256 3706
51 3991
1132 1415
256 3198
3819 3964
2267 3601
1469 1685
562 960
1865 5746
3808 4718
3795 4182
918 5487
681 4891
960 4130
256 3917
834 894
51 3336
3917 5336
2781 4810
3217 3529
4007 4923
1867 3583
28 655
1867 4406
3795 5558
28 832
786 5558
1571 1940
3215 4718
312 2926
1859 4718
688 997
688 1802
1571 1867
1010 4319
1859 3217
1019 1044
3771 4718
2953 3646
892 3822
1728 2953
892 4718
918 4891
256 4737
918 5125
19 2315
1386 3217
786 5140
658 4537
116 3304
2833 5558
2698 3849
1574 2290
3719 4927
3214 5558
960 3201
1728 3141
51 2455
681 2953
2856 3719
1575 5212
1865 2953
1324 4537
4185 5487
963 976
1867 5488
2267 5065
786 963
1319 4421
201 557
3849 5526
1468 4725
190 2698
2179 4718
1571 3000
4015 5769
4212 4718
4026 4247
3714 5746
2698 3714
3714 4718
2953 3714
4208 4537
2794 3927
1319 1867
51 2314
1807 4858
1728 3583
51 1482
2796 5261
2381 5336
3217 4064
3027 5624
1165 2305
960 1165
3646 4891
3213 4537
438 5487
960 2898
51 1510
1847 4972
3213 4718
1144 3917
3655 5689
1807 5652
1267 1323
190 1856
481 3838
1378 5636
51 1859
2114 4411
1876 4537
3211 5002
3698 4969
2437 4708
2804 4353
1319 4891
1835 2930
2953 5452
428 1127
1353 3716
51 1430
208 728
2953 5642
2953 3822
2114 4372
51 1359
51 1728
3202 5684
1807 3179
1165 2781
1165 2514
3030 3217
2381 3917
883 4319
3655 4182
3655 4372
1319 1510
1312 4182
1476 4533
3655 4411
1605 3849
175 4537
3201 4372
3217 4716
3201 4411
960 2061
3646 4319
3217 4357
3201 4734
4138 4872
2796 3964
1010 1359
2437 4162
3196 4537
51 1303
3201 5689
857 1670
681 1359
3703 4537
3660 5138
2833 4734
1795 2979
2442 2589
1010 5487
1571 3298
551 3601
3184 5127
3201 3655
681 2314
1571 5526
1019 5432
51 224
4144 4152
3214 3743
883 1571
3215 3849
51 1670
4035 4804
2318 4537
663 1257
2796 4611
3201 3587
2833 3587
549 4537
3217 4422
3601 3792
1165 3743
1516 5336
4144 4945
811 3587
1577 4538
481 1670
2953 5072
3601 4947
1740 4537
4144 4796
351 5555
1144 4725
3217 4910
1319 5488
1516 4905
270 2856
4144 5642
1312 1784
481 918
1319 1430
3596 4319
1476 3513
3214 4182
2315 5602
1165 3655
1783 4733
3601 3674
3030 4537
2833 4411
270 963
51 857
1019 5467
2315 4923
50 2432
2796 4247
1378 2794
1764 3217
51 312
3217 5388
338 3849
1324 3217
310 4537
3217 5341
3217 4818
551 1626
681 918
2315 4007
918 3583
1581 3217
2114 3655
842 2589
1007 4718
681 1571
2221 2314
3177 4718
3141 5207
1359 5452
4319 5125
1072 1795
1710 3217
1670 3215
2922 4955
161 1516
1670 4663
1083 1577
1359 5629
933 976
2314 5149
2314 3849
860 1055
857 2698
2856 5140
4319 5746
2223 4554
57 2953
488 4947
2314 4319
148 4923
488 3792
4372 5749
369 3296
4314 4537
1562 4718
57 1386
1562 4785
1074 5140
2314 2953
1074 4708
1670 5488
57 1319
1359 3560
1359 5253
1227 5287
2953 3336
57 2610
2891 5119
2898 4708
1359 1430
1482 3350
4319 4406
2221 2953
4319 5287
3177 5487
1699 3583
1227 3560
2898 3314
4357 5394
2314 5488
1670 5149
2926 4718
655 4056
4389 5140
2898 3655
860 3363
1359 4891
1227 1359
2898 4182
3174 4537
51 5149
4319 5488
2205 3302
57 2179
1359 3849
518 4947
2953 3113
161 1613
935 4537
4372 4411
4353 4537
1613 5122
2953 3298
2227 3217
3496 5140
1408 4437
734 909
3583 3838
2305 3201
1359 1867
3555 4144
2445 5301
369 1710
622 4537
1280 2913
3555 5147
1406 4096
369 2645
1406 3511
380 1865
369 1100
996 1865
369 1435
369 1562
3555 4796
2551 3743
97 3583
2221 3583
2307 3889
57 4796
97 3742
4411 4771
1378 4708
4411 4708
336 2583
1227 1277
742 1614
541 3286
510 5140
2221 4144
1621 4708
369 898
513 1386
1670 1710
1670 1821
1430 2698
1664 3583
97 3849
1562 2698
4421 5487
2906 4362
1289 1613
513 3217
2032 3808
513 4212
1647 5746
3363 3619
3141 3583
3359 5149
4822 5697
3141 3560
1647 4718
3125 4718
525 2856
3359 4319
224 5339
4537 4910
3336 4319
2551 4955
2290 3201
829 4804
2290 3314
2551 4130
1289 3706
3347 4580
3336 5149
2472 3958
3112 3386
3347 5336
3336 3849
1647 1865
380 4718
2583 3716
72 2472
4537 5394
4537 5341
1359 1865
525 5555
3097 4994
97 4785
2221 5303
4537 5561
334 860
5139 5487
3336 3822
72 2922
4537 5611
141 2446
2053 5487
72 3698
2472 4955
72 3958
3587 4372
1307 3601
228 369
2290 4771
3298 3583
3560 5452
369 5207
976 3587
4945 5253
97 1007
2038 2223
751 4212
744 2796
3573 5645
2498 4537
1571 4945
1950 2277
2593 3141
2290 4708
224 2221
369 4275
1210 4379
3084 4718
3093 5399
4734 5749
3097 5408
1289 1516
3454 3601
2305 3587
3583 5149
1430 4421
1931 2302
2640 2796
5487 5698
2061 4734
1971 4788
2607 2953
369 1740
369 2147
4891 5746
2514 3795
309 3889
2023 5399
1165 4771
4798 4804
97 190
3217 5730
3286 5384
1216 3583
929 3469
3316 3336
4718 4952
4734 4810
1303 1867
1289 3120
3412 4212
2305 3051
734 1117
3573 4437
3583 4152
3583 4406
3115 4734
2445 3304
894 5065
1516 3198
1939 2047
1939 3027
1940 4319
407 5487
1007 1319
5452 5746
1971 2833
97 5452
2010 2551
2061 2305
5072 5487
1510 1867
2290 4372
2514 5002
4923 5769
224 1244
376 2445
4891 5487
369 3316
97 1562
982 2462
224 4212
369 4422
2032 3177
2498 4718
2032 3991
2297 4737
1506 5100
369 5372
369 5388
3242 4718
3247 4955
1307 1875
1307 1406
3314 3587
3314 4411
3314 4734
2302 5009
1303 2698
2472 5555
1303 2032
1303 2023
1216 3849
616 3660
3359 3386
2698 2953
4708 5510
1430 2953
3412 4319
735 4537
3113 4319
3456 4439
1165 4734
3560 5642
3583 4144
2305 3743
4660 4955
3583 4394
1430 4144
918 1865
72 4969
2445 4096
369 3808
3042 4537
1468 2738
2645 4718
1571 4212
1931 5009
2070 5558
2640 3878
1939 3075
1939 4852
898 2053
1007 1867
1516 1848
1949 4537
1007 1303
407 4718
590 3217
407 3217
590 4718
2290 2781
1971 5127
2290 2898
2010 3211
2607 3217
2010 4822
3060 3217
369 1605
369 1664
369 1856
4945 5746
2522 3217
1408 5645
369 2455
2514 4771
2023 3386
2023 3583
369 2610
1493 5559
369 3084
2023 3808
2514 3587
982 3501
2047 4852
2047 3075
376 1406
4889 5222
224 3583
2023 4718
2551 4927
224 4891
309 2307
2042 4537
369 4716
4822 5002
2297 3198
3043 4496
1984 4622
1907 5671
3062 3528
1266 4246
3636 5152
1928 5758
41 626
1984 4306
931 1775
1092 1878
2819 3354
1073 4756
1928 5471
1073 2526
1092 1775
1984 4013
2869 4959
41 387
3043 4664
4556 4623
1907 3268
851 856
1266 4375
2355 4506
721 2778
721 2819
851 5382
4877 5674
2355 3167
4867 5471
1092 1266
851 957
727 1092
936 3528
503 5716
1348 2152
1928 5447
4506 4567
1266 4584
1073 4616
3043 5771
3675 3930
851 5606
626 3969
1907 2537
3043 5758
3043 4831
1907 5208
2901 4695
1266 4676
1073 4567
741 3641
1984 3358
4506 4642
503 4664
195 3283
3043 5409
1073 4496
1907 3219
195 5596
5 524
1907 2184
3043 4893
2901 4671
1907 5152
3043 5006
3043 4911
503 4598
931 5771
893 2912
851 1958
851 5671
851 2308
1089 4013
2869 4845
741 3636
195 5617
1970 4750
893 3361
1958 4013
721 3108
1266 5363
5 5471
1348 3256
2819 3820
1928 3283
931 2819
851 2675
1089 3361
1348 2280
893 957
1348 4013
893 2537
893 3636
1089 3134
1958 3850
1266 5658
4506 4977
626 4584
721 4706
626 5061
893 3812
721 3969
741 957
626 4991
856 1266
4877 5471
195 5716
195 3237
1089 2819
741 4049
1284 1907
1089 2675
1907 4935
1928 4830
893 4246
1928 2934
1958 3364
893 4496
1089 2464
1907 4901
5 2106
2355 3134
5 493
1928 3984
893 2677
851 3354
893 4567
195 4693
1958 5593
893 4622
1348 2448
893 1073
741 4371
851 3636
3636 4556
893 4664
851 3820
1958 3237
4556 5747
1907 2464
893 4676
271 4671
741 3969
3300 4496
851 3962
1958 3167
1907 2912
2869 5447
2869 5152
503 4431
1958 5596
1928 2869
1907 4693
1928 4695
1907 2380
195 5775
1089 1775
893 4830
931 3930
893 4854
741 4254
1907 4633
5 1720
1958 4959
2819 3948
3300 4845
721 3167
1334 2954
9 4922
1958 2757
1907 2830
3528 5771
503 5061
893 4935
2819 3969
856 2784
3641 4845
1334 3930
931 4013
1928 4633
4506 5447
503 4854
271 2934
741 4155
893 5021
1907 4567
503 3790
1348 4041
503 3361
893 2675
2869 5061
1334 4306
5 4506
1334 4622
893 5152
625 721
893 1543
195 4148
3636 5775
2008 3930
2355 4013
4884 4922
1928 2503
4506 5606
1348 2869
1073 2778
893 2464
1907 2123
851 4642
856 3167
1928 2448
1958 4695
1958 2106
4556 5758
503 4850
1928 2400
1073 3816
721 3820
2869 5006
856 3528
893 1602
1907 2293
1928 4013
1073 5255
195 4961
1937 4506
893 5656
2869 4961
1073 3361
5 1176
1958 4693
503 3222
4882 5006
1928 2106
3300 5511
271 2448
1907 2757
2355 3043
4496 5004
1073 5021
2008 3850
3062 4300
851 4959
626 4254
2819 3167
2008 2448
271 3820
4911 5471
3043 4431
931 1031
1907 4041
721 4845
1984 5596
1984 5255
1073 4959
1266 4071
3300 3802
4506 5716
5 3108
1266 4142
41 1031
1073 4935
1984 4935
1984 4837
851 4991
1928 5771
893 1984
626 3790
893 2577
4567 4706
1348 4148
3636 5505
721 2448
1266 5505
3043 4371
893 5747
478 5537
625 626
3062 4598
2008 4556
4506 4935
478 5471
931 4642
3300 3790
271 4959
3062 4622
4496 4666
2008 5687
1937 3930
2008 5596
3062 4695
1928 3256
3062 4959
3758 4306
591 4922
1266 3324
503 3948
546 5471
546 5511
845 893
4480 5766
1266 3268
288 741
1938 2489
625 851
931 4556
1907 4219
721 2934
3300 3850
3300 3528
3300 3948
3300 4306
4506 4750
741 4598
1266 5134
626 5330
721 2954
856 3850
721 4480
195 5006
4556 5412
3062 5397
893 2869
851 4750
2036 2577
1266 3233
1266 3222
4506 4806
2355 4584
2036 2778
2810 5771
835 5716
1944 2448
1089 4845
509 581
1266 4877
2036 2869
1602 2778
4556 5152
2259 4671
851 1381
1266 3040
509 626
3062 5687
3636 4300
4480 5421
1266 2934
3108 3134
5 4049
2036 2954
741 4959
3043 3300
1266 4769
2036 3159
546 4961
2911 3134
195 4935
835 4907
1089 5447
2911 4898
2810 5537
3043 3165
546 4845
3043 3167
1266 2677
3043 3240
2036 3283
560 4556
3790 4480
4480 5208
2810 4845
835 4695
3108 3820
1984 3850
2810 4850
546 4622
1266 2537
81 1561
81 1334
1266 2355
2810 4506
1092 4671
3108 4103
3292 4506
2036 3820
509 964
835 4584
3108 3948
835 4622
4480 5004
3292 4922
1092 4431
2280 2934
3790 4506
81 3641
4480 4831
2036 4480
1266 2075
546 3850
1266 1602
1266 2352
3108 4480
546 3948
1266 2123
478 4300
81 4922
4480 4911
509 1492
2911 5596
195 2778
3040 4431
3108 4254
1984 4480
2810 4431
2911 5537
3040 4556
3040 3930
546 3802
1266 1543
1266 2259
509 1266
2036 4013
2036 3969
546 4013
509 1176
835 4371
288 1907
2380 4306
1092 4845
721 1570
5 4480
4480 4676
3108 4695
2912 2954
4480 4850
835 3636
1266 1803
1266 1958
2810 3948
2259 4666
109 1907
4706 5042
835 2810
2380 4616
493 4431
741 5152
2291 5537
195 3043
2036 4877
478 3930
727 5674
2824 5537
493 3840
2784 5061
3108 4845
4431 5082
2380 4556
3790 5658
727 5471
1240 4922
493 4246
835 2784
1183 5687
4480 4506
721 1176
1183 5255
509 2106
2824 3930
835 3167
1183 5537
835 3240
2036 4750
3034 4148
4431 5397
4431 5409
546 3283
2036 4977
2036 4973
195 2191
493 3812
2259 4037
835 2778
3034 5771
509 1720
3134 4155
2036 5255
856 2400
3134 4103
3108 5409
546 1031
3034 4013
835 3043
1252 3930
3034 4049
3034 4142
3034 4506
4922 5415
1183 4556
835 3159
4710 5596
109 1150
3108 5256
2259 3354
546 3134
835 2071
3034 3969
3790 5397
3790 5596
4706 5597
4706 5606
2824 4049
3134 3802
3034 4973
3034 5152
2824 4556
4706 5674
4431 4854
2824 4671
546 2819
727 5596
3034 3948
1183 3802
4431 4959
546 835
835 1928
2912 3528
3354 4306
204 5687
4845 4877
503 1381
4671 4786
626 2036
4706 4854
625 4622
493 2191
4671 4837
4845 5674
4695 4959
626 1017
493 625
4623 4706
625 3930
493 2355
741 2735
3324 5537
3354 5061
503 524
4837 4999
2850 4480
493 727
2824 3043
727 1878
727 3237
727 2152
727 2191
493 856
4845 5606
2819 5397
2830 5537
4642 5021
2850 5596
4622 4845
2850 4959
741 2468
741 1570
3354 5775
3354 5771
4671 4935
3354 5687
4850 4977
741 2464
4669 4922
493 3240
2308 5511
2293 5061
4706 4766
2842 4922
4671 4693
4676 5471
503 1568
503 651
3354 5447
741 2380
4622 5716
4622 5255
2280 5771
727 1958
3354 5255
4706 4806
2291 3930
727 4854
4666 4977
253 2954
727 1348
3361 3850
2293 5596
215 582
493 4991
2842 5596
4750 5606
2280 5687
2280 4706
3358 5537
626 4431
626 1073
2293 5471
626 1372
493 3324
3358 4246
4845 4893
4676 4977
2819 5208
3357 5537
626 2259
204 4567
2293 4671
4706 4750
4622 4642
3357 4845
2850 5471
493 2075
727 4148
4750 5771
4750 5656
3361 4961
727 2934
4850 5771
3361 4706
4666 4695
2862 4671
503 727
4693 5687
741 1092
2830 4210
493 1937
3361 4567
4616 4959
4854 5006
215 4922
4616 4973
4556 4664
204 2448
2862 4480
727 4973
503 1878
4616 5021
4845 4959
3361 3948
4676 4845
2862 3840
727 1176
4616 5152
727 4013
2862 4922
3361 5471
503 2779
4671 5593
253 4706
4750 4845
4845 5061
4671 5516
2830 4959
4671 5615
626 2912
3324 4977
2864 4922
4693 5471
3354 4616
3324 4480
4693 4973
4616 5255
741 2934
727 4961
4756 5537
3790 4961
3364 4306
2830 4671
626 3108
4693 5596
4756 4922
2308 4013
503 964
4664 5775
741 2869
741 2954
4854 5021
3528 4633
721 5687
721 5716
493 5511
215 1073
4854 5687
503 2912
2830 4306
2352 3930
493 5421
4854 5674
204 5471
2869 3300
204 1031
4664 4695
3528 3790
626 835
3354 4901
4854 5471
493 4676
4598 4622
2869 3167
493 1514
2869 3134
727 4622
3528 3636
3495 5537
2819 4935
626 727
727 3820
493 5671
626 651
493 1092
271 626
626 3222
2850 3850
2293 4013
493 1073
503 3034
4642 5471
721 5330
4856 4868
4642 5537
4584 4706
727 4506
2819 4854
4671 5363
727 4959
4854 5775
493 1334
503 1073
2280 3820
2308 2977
4671 4999
4695 5021
4671 5331
2352 4671
625 4148
2850 3108
721 5671
4830 5471
741 2071
3354 4584
3324 5771
4695 4973
625 1878
721 4973
3528 5409
741 931
4648 5744
625 5471
741 2136
936 3930
4769 5471
493 965
2280 5471
4750 4901
4671 5656
503 3159
4695 5747
230 387
3528 4951
493 3159
4567 5471
204 3930
2850 3165
4845 5447
503 3062
3528 4868
3528 4856
2355 2675
493 5674
1348 4506
3850 5021
5061 5152
3820 5208
4935 5537
2912 5471
3276 4068
4935 5021
2448 4431
473 4135
3283 4845
2779 3300
701 5687
5042 5771
3930 4867
2779 3528
3820 4977
581 5606
3283 3948
581 4854
3276 3495
2912 5537
195 325
4935 5596
325 721
2448 4750
325 4219
4973 4991
195 387
325 650
4973 4977
4371 4961
760 3165
2400 4148
581 4850
325 4598
3840 3930
524 1021
3283 4666
701 3790
4977 5006
524 1709
760 2280
325 964
2932 3570
325 701
3820 5674
509 5471
325 931
3850 5747
2191 5775
3850 5716
3840 5511
3283 5006
701 5596
325 1361
3283 4622
3930 3962
325 1334
473 3961
2400 4959
436 4671
524 835
509 5716
2448 4584
4977 5061
325 4431
2448 4567
325 1089
325 4404
325 4616
701 5447
2400 5006
2934 3043
4306 4999
3840 5447
4977 5412
2934 4693
4959 5004
4300 4695
2448 4623
3268 5596
3930 3996
2448 3173
325 4664
4959 4977
360 1907
195 1720
3850 3976
325 4375
360 2036
194 1709
3283 4480
360 1958
650 3043
473 2757
4991 5397
3850 4142
325 4854
4977 5674
3850 4041
2934 4695
4959 5152
2448 3300
4300 5152
4306 4666
195 424
2934 4845
2778 4898
2400 5747
2191 5471
4959 5447
182 4706
3850 4404
509 3850
3268 4219
3930 4073
325 5061
325 5021
325 5006
509 4013
182 5421
581 5152
3268 4556
3802 4306
4306 4830
4431 4695
325 5511
195 1775
473 769
2778 5004
325 1543
325 5397
760 1937
2934 3820
3850 4567
701 4850
325 5297
2778 5771
2934 4935
2259 3283
2675 5397
288 3948
288 3930
2784 4845
4922 5516
4346 5537
3802 4671
3816 4013
3930 4567
2380 4961
325 5658
4922 5479
325 5656
325 5606
3930 4416
5021 5255
4371 5719
4999 5537
2778 4991
4999 5775
3812 4148
325 2882
2778 5671
3256 5006
509 2400
760 3020
524 1348
3283 5255
3802 5537
3283 5471
721 893
3930 5134
741 5739
581 5061
4961 5021
4404 5674
4922 5597
4404 5687
3812 4973
325 3034
4306 4633
3283 5021
325 2850
3930 4710
3256 4013
4961 4991
721 741
325 2934
524 5656
701 4622
2779 5766
581 4642
3930 4714
4961 5061
3850 4806
2448 2675
288 4671
3816 4556
2934 3969
325 2784
3812 5687
3812 5596
2784 3528
195 1176
760 2830
582 4922
4922 5638
2400 3641
5004 5511
3283 4901
524 626
3820 4148
760 2911
4404 4622
2779 5658
760 2123
3850 5671
5006 5152
325 3222
4404 4850
2400 2869
2191 5152
4306 4598
3283 3790
194 3930
2191 5061
2934 3948
3850 5004
2934 4506
581 4959
3850 4991
4375 5537
3283 3361
325 3636
3820 4306
3930 4837
2400 2882
4961 5447
2106 3354
5042 5687
509 4695
2191 4642
2448 4233
3802 5297
2778 4806
2779 4306
5006 5596
2934 4616
4375 4556
2778 4831
360 851
1561 3358
360 835
3820 4584
4375 4845
3850 5152
3820 4506
2779 4622
3256 4480
760 1143
195 721
2912 4959
195 581
2448 4375
509 2977
195 626
4219 5006
2779 3790
478 1266
2191 4676
4961 5671
4371 5537
4371 5596
760 2977
4961 5656
701 4049
760 3219
2459 3416
4265 4306
4265 4431
2778 4219
760 3969
3240 4706
4265 4556
524 3528
4265 4616
701 2448
760 3790
5255 5397
3948 4695
2934 5255
5208 5471
581 4049
643 1266
524 2036
3969 4506
5256 5537
524 3108
3969 4148
2778 3948
360 4973
3969 4961
2778 3976
4261 4671
2778 4013
2464 3108
760 4041
643 1031
2778 4155
3961 5241
701 941
701 741
651 4506
3240 4431
3969 5397
581 3354
524 3354
3969 4977
360 5537
3962 5537
2464 4013
3969 4959
760 4142
3240 4622
524 3237
3240 4642
360 5687
4246 5537
524 3173
4246 5596
2778 3167
2778 3173
672 5537
2778 3237
783 1561
3976 4506
2448 5658
2778 3300
2464 4671
3969 5771
2464 4300
5363 5537
2778 3528
424 4306
4246 5255
182 1775
4233 5537
4233 5596
4013 4246
424 4506
4013 4103
424 4622
2448 5004
4013 4068
4013 4041
3996 4616
581 3159
2778 2901
581 3233
524 3641
5409 5537
5382 5471
2768 2866
5409 5471
2191 3948
182 1021
2468 5537
4219 5537
4013 4431
2489 3930
2757 4961
2757 5061
4013 4371
2468 4977
2468 4973
2757 5596
424 4246
581 3043
424 3812
3930 5606
5421 5537
4210 4922
3237 5716
5061 5771
4300 4404
581 4431
5061 5747
4219 5687
5061 5674
360 2954
360 2934
424 3269
5409 5775
4013 4695
360 4671
4013 4666
4265 4961
3948 4496
2778 4567
581 4155
2934 4991
3948 4148
2448 5152
2448 5006
3237 5775
2448 4991
2778 4598
3930 5747
524 2106
524 2075
3930 5617
760 4598
2757 3850
2191 3528
4041 4706
760 5042
2503 4598
524 4991
760 4991
2503 4496
2954 3237
2677 5537
5537 5671
2503 3948
2503 3850
5537 5658
2503 3840
5537 5647
5537 5617
4155 5471
2677 3300
672 2448
2489 4922
2503 5255
4049 4155
387 2830
5658 5716
387 2677
4155 4671
4041 5687
760 5152
581 2106
387 2468
2503 4766
3237 4959
2677 3034
4041 4854
375 4049
524 4598
2735 4922
4013 5447
4155 4404
2503 2869
760 4633
4013 5412
2735 5537
524 4506
760 5208
424 2954
1017 5421
4013 4991
4013 4977
2954 3173
4155 4935
4155 4300
581 2464
3237 5606
387 763
524 4695
387 701
3237 5447
5471 5771
2503 3222
5471 5716
760 4973
2503 3043
2191 3820
2539 5671
4013 5771
387 478
5471 5647
524 4622
3237 4750
2191 2934
2191 2977
422 5775
2503 5658
1150 5447
2503 5596
4049 4616
424 493
2191 3043
760 5674
387 3222
760 5671
387 3190
387 3173
387 3162
1150 5397
760 5516
2191 2819
2675 5596
387 3020
4049 4306
4049 4695
2184 5775
1514 5537
169 1958
650 1176
2191 2448
763 1561
3237 4666
387 3802
2503 5687
387 3758
387 3702
2675 5363
4148 4642
524 5771
387 4265
2526 3222
387 4233
2526 3134
524 5775
1143 3948
2526 2934
2526 3790
1150 5771
2184 2778
2184 3283
3237 4598
650 1266
2184 3930
387 4532
169 5596
4049 4831
2184 4506
2530 5537
4148 4616
2526 3840
3237 4496
1021 2380
422 4991
3237 4506
2180 3930
4049 4991
2149 4671
422 5255
387 4901
2526 3850
387 4911
2526 3948
387 4999
2537 4671
2954 3641
2526 4013
422 4911
1021 2577
3237 4404
4103 4642
387 5363
2675 4854
527 1092
1021 2757
2152 5447
387 3300
169 4556
1150 4431
2954 4633
4148 4431
1021 2869
4103 4616
2675 4584
422 4706
1709 4598
2954 4693
2675 4506
387 5597
2675 4431
965 2778
1150 3108
2675 4071
1176 4584
1878 5447
1021 3167
1021 3283
1021 3159
1514 3802
1878 4806
1878 4769
1073 1266
1150 3062
1878 5061
2152 5255
169 851
4103 4506
1514 2503
1021 3300
2152 5004
1878 2464
4148 4155
2954 3820
1021 4148
1878 4431
4049 5656
414 424
2152 4830
651 4991
2526 4506
422 4480
2954 4854
1492 5674
414 651
1878 3361
414 721
965 3134
4049 5687
169 4013
768 1266
1878 3354
2675 3820
1709 2503
414 931
965 4142
3233 5021
1878 3159
768 1381
964 4103
1176 4991
783 957
1720 2677
651 1073
1381 5771
1492 4750
1561 1592
1570 2934
964 4306
1775 2071
414 5409
414 3173
2071 4845
127 4261
3159 4556
1518 2778
1548 4756
162 1031
1570 2824
2075 2850
1720 2308
964 1021
1775 1928
1775 4877
651 1984
651 741
4135 4671
1176 1372
1492 2355
3020 5537
1031 3300
1381 4884
2071 4961
1021 4584
1017 5747
1017 3790
3165 4049
1561 2866
1561 4254
1561 4999
2977 3237
1592 2866
3167 4854
1709 4750
1720 2152
2123 4142
964 1031
3167 5505
957 1984
1775 3641
2141 4622
1878 2355
527 4431
4103 4148
651 3043
651 3361
4135 4480
414 2810
651 4404
2675 3167
1492 2448
1372 4854
1031 5719
1176 5656
1031 3361
1031 2464
783 4671
1492 2280
1492 4148
1492 5208
2977 4854
1021 2191
1518 1907
783 1907
1017 4103
1539 4922
1543 4671
1176 4103
1561 2850
1561 3232
1561 4068
1561 4756
3165 4845
1561 5606
2977 3324
988 4922
1592 1984
3167 4616
1176 2830
965 3167
2106 5471
2106 5596
964 5021
1720 3167
1176 2293
964 1878
1720 4750
957 4973
957 4695
1150 3034
1754 3043
769 1958
948 4706
162 5771
769 893
1775 5409
1878 1928
1878 4977
1878 5739
414 4907
1176 1775
3222 3300
2152 2503
2152 2869
2152 2977
422 2448
2577 3636
651 3976
2526 5004
4142 4306
2526 4959
651 4622
2778 5382
2526 4622
783 4306
3134 4598
1140 4922
1381 2071
1381 3108
1381 3173
3020 3930
1031 4082
1031 3364
1381 4148
1031 2677
3159 3820
1031 1183
1381 5435
1492 2191
1029 2850
783 4155
1021 5606
1021 5412
1492 5409
1021 4622
3159 5775
1514 2448
1021 1958
1514 5716
1143 4148
1017 4977
151 4922
3165 3850
1539 3850
1539 4706
1017 2106
1543 4506
1176 4148
1014 3930
1561 2677
1176 4073
2106 3324
1561 3173
1561 3570
2106 4013
2106 4155
3165 4671
2106 4375
2106 4506
1561 5415
1561 5597
1568 3930
3167 3237
1570 3256
1570 4155
1570 4750
1570 5656
1176 3062
3167 4506
1602 5537
1150 1176
965 4013
965 3528
3054 5537
1709 4666
1709 4830
1720 1958
1709 5687
1720 2036
1720 2869
566 4068
964 2977
1720 3820
1720 4148
1720 4375
769 2989
3167 5061
2126 4922
1150 2308
957 4845
957 4706
957 4306
3167 5775
1742 4922
957 2778
1775 2152
1775 2380
1150 2779
1775 3283
769 1150
948 3850
1775 4642
1775 4695
1775 5006
1775 5397
2954 4935
1803 4922
941 3165
1878 4404
1878 4666
1878 5412
422 651
422 701
651 2778
2954 4246
651 851
422 1017
1176 1754
651 760
2152 2779
2152 2824
414 3812
422 1878
3222 4671
2526 5658
2577 2977
2577 3237
650 4671
1176 1570
2577 4616
2526 5255
169 2954
422 3167
422 3354
414 2293
2675 2912
414 1958
422 4013
2152 4300
651 4850
651 4901
1150 4155
1492 2977
3034 3758
1183 3043
1370 5447
1372 4431
3134 4769
3134 4877
1381 2830
3034 3134
1031 5412
1381 3167
1176 5766
1031 4693
2057 3930
2989 4671
3134 5421
1031 3570
1031 3162
1031 2869
1031 2771
1381 4155
2989 3364
566 651
1031 1937
3159 3850
1176 5004
1381 5255
1381 5606
1492 2136
3159 4300
1492 3043
1143 3134
1492 4013
2152 4496
1492 4877
783 4013
2977 5061
1176 4850
1492 5397
3159 5006
2071 5537
1492 5606
1176 4664
1021 4375
1492 5687
1021 2152
1021 2008
1176 4431
3162 4671
783 2057
783 1984
1518 5687
1017 5021
3165 3528
1017 4951
1017 4622
1017 4506
1539 1775
1539 2184
3165 4013
783 1266
1543 1561
1543 3134
1543 3167
2106 2778
1561 2036
1561 2057
1561 2291
2106 3108
1561 2526
1561 2675
1561 2768
1561 2810
2106 3283
3165 4300
3165 4306
3283 4850
2106 3641
1561 3276
3165 4480
1561 3816
2106 4049
1176 3820
1561 4562
162 1266
2977 4254
1561 4831
1561 4893
1561 4911
3165 4959
1561 5412
1561 5435
1561 5574
1561 5658
1561 5716
3165 5775
1568 4671
1570 3108
2106 4664
1570 3820
2106 4766
1570 4506
1143 5471
1570 4961
1570 5256
1602 1709
1602 1907
1602 2954
1602 3173
1602 4480
2954 5719
1143 5771
965 4556
1709 2448
1021 4265
1150 1381
566 3930
2075 4922
1709 3268
1150 1570
1709 4300
1348 4853
965 1372
1709 4901
1709 4850
1150 1720
1176 2675
2106 5747
1720 2819
1720 4254
964 4013
3167 4991
1150 1984
1720 3300
964 3043
1150 2008
1720 3790
1720 4013
1720 4049
1720 5775
1720 4371
1176 2191
1720 4616
2954 5297
1720 4666
964 1017
964 965
957 5447
3167 5152
957 4961
3167 5397
1720 5511
957 4750
2136 3930
169 4991
3167 5596
3167 5687
162 5208
957 3354
1742 5596
957 3134
957 1073
1775 2106
1775 2191
3173 3283
948 5537
1775 2784
1150 2789
1775 3167
2141 2448
1775 3948
1775 4071
769 1031
1775 4584
1775 4616
3173 4750
1878 2911
1775 4951
1775 4973
2141 5471
2141 5537
768 5596
948 2448
948 1775
948 1266
1878 2675
1878 2954
2144 3930
1878 3948
2954 4830
768 4959
1878 4695
1878 4991
422 626
414 5061
414 5004
169 1348
651 2191
422 721
414 4853
414 4831
422 835
3219 5596
2954 4155
414 4633
414 4598
422 1021
651 3034
2954 4148
2152 2526
768 3528
651 721
4103 5256
2152 2911
414 3820
651 3354
2152 2934
422 1928
2567 3930
3222 4695
2577 2869
2152 3034
414 3324
2954 3976
414 3240
414 3159
581 651
1176 1602
414 3040
3222 5716
1176 1518
4135 4856
4071 5537
422 3034
422 3108
651 4246
422 3134
414 2464
169 3034
650 3930
3232 5409
651 4480
2629 4922
4068 5596
2152 4013
3233 3850
2152 4233
768 1928
2675 3159
2152 4306
768 1709
4049 5719
651 4867
414 1089
2526 4616
3233 4706
1492 3324
1348 4959
109 4556
1348 5447
1348 5505
1370 2850
1370 4049
1372 2106
1183 2677
1372 5471
1183 2503
3034 3283
1183 2106
1381 2503
2036 5771
1381 2911
1381 3062
1031 5671
1381 3165
1143 1176
3134 4991
1031 5042
3020 4922
1143 1492
1143 1561
1031 4496
2057 2977
1031 4210
3134 5409
1381 3790
1031 4041
127 4135
1031 3812
1031 3232
1031 3173
127 4742
1031 2934
2071 2784
1031 2779
1031 2769
1031 2757
2989 3528
2071 3134
1031 2191
1176 5255
1031 1970
1176 5152
1031 1539
2071 3850
1381 4893
1381 4901
3159 4148
1381 5021
1381 5447
1947 4267
2484 4440
2762 5121
3149 4440
3200 5258
603 5121
2603 4848
2948 5258
2028 2413
1625 1797
2948 4834
1523 3103
3762 4848
3225 5054
2948 5054
1413 2927
603 2969
1003 3061
2948 4944
3103 3762
2135 4315
2484 5380
3103 3210
888 920
3210 5098
3103 3523
757 5628
2413 3567
3103 4848
3149 5654
2413 3050
3618 5098
2413 5087
757 3305
2413 3069
3762 4793
3668 3762
3103 4697
671 4944
3225 4610
3668 5098
757 4701
1413 2622
757 5142
3618 4944
3148 5098
2597 5534
457 2413
2413 3950
609 4440
1763 3898
609 2413
757 4793
1037 3432
603 1947
671 2178
603 2093
3103 5054
3069 4505
757 3406
3103 4944
938 2413
671 4440
3103 5258
2762 2969
10 757
223 4440
71 4757
3050 4378
3392 3762
3409 4440
3009 4768
3343 4514
803 1625
1523 3523
2135 5091
77 1594
2413 5248
1797 4834
3523 5054
999 5054
3523 4697
1798 2927
112 3523
3523 4890
2413 5651
2528 4440
1523 1981
2413 4341
2547 4944
3523 4944
1413 3009
920 4944
3267 4890
3459 4684
71 3950
2969 5667
2622 2927
71 4378
2413 5680
2135 4514
2682 5258
803 2948
642 2622
2622 2948
1798 4730
3267 5258
2628 3009
1413 2948
2988 3200
1413 3523
1852 4768
75 2622
3349 5311
3523 5258
2988 3898
925 4440
2948 4793
771 5258
1797 3253
4493 5098
2622 4834
2927 4834
293 2845
1523 4944
293 3103
1523 5258
1981 4944
2622 4848
506 3148
790 2948
753 2948
4498 5098
1981 5054
4493 4944
4440 5651
4440 5654
1625 3606
2948 4512
1981 3103
2948 4768
790 2256
293 3762
790 888
4440 5098
1981 3523
2948 3253
2948 3200
2178 4131
4440 4730
1523 4697
293 4944
2948 3148
2948 3050
1095 4440
293 4848
293 576
4440 4684
790 4529
771 3267
179 2413
4848 4944
33 4890
293 671
790 4512
348 999
4793 4848
71 400
1523 5054
2927 5054
423 4440
2347 2547
293 4505
1413 5054
2135 2948
2632 5054
910 1625
4351 4378
400 4351
4322 5404
2093 2762
2135 2492
1417 2413
1153 4493
1188 2408
1242 4757
1715 3225
2256 2948
2927 3750
5121 5667
1981 5258
1981 4697
2622 4315
2927 2948
293 757
12 5667
135 3459
4944 5579
2135 3253
1413 4834
2387 5150
757 2760
1095 2178
4178 5667
4944 5054
366 4440
999 2622
4890 5258
4697 5054
1095 4315
2181 5667
135 3893
4378 4505
4768 5670
4505 4848
4757 5198
1429 5680
4793 4944
3950 4757
2387 2845
506 5098
771 4890
4848 5098
999 1003
4944 5258
2093 5667
3898 4493
1715 5054
540 2948
4264 5054
2135 2622
521 757
4697 4944
4351 4757
135 4684
304 4440
5054 5194
1153 1625
2256 4512
1153 3009
5054 5258
4834 5054
1003 5659
3893 4529
3950 4351
3950 4378
1715 4610
888 4684
2401 2494
888 5258
4505 5098
2622 5054
2093 5121
4529 4684
4610 4890
4610 5054
498 5380
4697 5258
1872 3602
619 5133
1498 1705
619 5315
176 4187
1526 1773
634 4643
1526 2843
1498 4094
1498 1773
2294 3925
3238 3303
1498 1857
634 1526
634 1773
1526 3333
2284 5383
1948 2843
1520 5691
